1 0.2828125 0.4125 0.06015625 0.07421875
1 0.27421875 0.33203125 0.0484375 0.0578125
1 0.384375 0.3265625 0.053125 0.0625
1 0.396875 0.421875 0.0578125 0.06953125
1 0.51796875 0.4171875 0.06015625 0.0796875
1 0.6515625 0.4046875 0.0625 0.084375
1 0.76171875 0.4109375 0.0578125 0.08671875
1 0.50859375 0.31015625 0.0453125 0.0671875
1 0.61640625 0.321875 0.05078125 0.0625
1 0.725 0.3375 0.05546875 0.06484375
1 0.8296875 0.33984375 0.053125 0.06953125
1 0.8953125 0.38671875 0.07421875 0.0765625
1 0.275 0.0109375 0.05078125 0.021875
1 0.38515625 0.0140625 0.0546875 0.028125
1 0.50703125 0.02421875 0.0484375 0.0484375
1 0.615625 0.0171875 0.053125 0.03359375
1 0.72265625 0.009375 0.0578125 0.01875
1 0.8296875 0.009375 0.05625 0.01875