1 0.44140625 0.2109375 0.0796875 0.0984375
1 0.81015625 0.27109375 0.0765625 0.0890625
1 0.6234375 0.27109375 0.06015625 0.0796875
1 0.7234375 0.3359375 0.08203125 0.10390625
0 0.12734375 0.21796875 0.08203125 0.084375
0 0.2453125 0.29296875 0.04296875 0.05546875
0 0.28125 0.2671875 0.04296875 0.053125
0 0.3390625 0.30859375 0.03359375 0.04375
1 0.44140625 0.0953125 0.0796875 0.0984375
1 0.8109375 0.03984375 0.0796875 0.0796875
1 0.62265625 0.0375 0.0625 0.075
1 0.725 0.0109375 0.084375 0.021875
0 0.12734375 0.08828125 0.08203125 0.084375
0 0.24609375 0.0203125 0.0453125 0.040625
0 0.28125 0.0359375 0.04296875 0.053125
0 0.33984375 0.009375 0.0359375 0.01875