1 0.73828125 0.25390625 0.08203125 0.084375
1 0.86640625 0.32109375 0.07421875 0.084375
1 0.3125 0.2640625 0.0671875 0.071875
1 0.3234375 0.35546875 0.0984375 0.10546875
1 0.55546875 0.36640625 0.0765625 0.09375
1 0.06953125 0.27421875 0.053125 0.0625
1 0.47265625 0.2640625 0.05078125 0.053125
1 0.5375 0.25390625 0.0453125 0.06015625
1 0.82421875 0.2484375 0.053125 0.06484375
1 0.73828125 0.07578125 0.08203125 0.084375
1 0.86484375 0.025 0.0765625 0.05
1 0.3125 0.0625 0.0671875 0.071875
1 0.321875 0.01328125 0.10078125 0.0265625
1 0.06953125 0.053125 0.053125 0.0625
1 0.47265625 0.0625 0.05078125 0.053125
1 0.5375 0.07578125 0.0453125 0.06015625
1 0.82421875 0.08046875 0.053125 0.06484375