1 0.48046875 0.37109375 0.053125 0.0578125
0 0.86171875 0.33984375 0.05078125 0.0625
0 0.32578125 0.34609375 0.05078125 0.05546875
0 0.23046875 0.3671875 0.03828125 0.040625
0 0.26171875 0.375 0.02890625 0.040625
0 0.6765625 0.346875 0.0453125 0.053125
0 0.80859375 0.33828125 0.040625 0.04609375
0 0.4546875 0.35625 0.03359375 0.0578125
0 0.54453125 0.3734375 0.03125 0.04375
0 0.70078125 0.35390625 0.03125 0.04375
0 0.90625 0.346875 0.03828125 0.053125
0 0.8609375 0.0109375 0.053125 0.021875
0 0.32421875 0.00625 0.053125 0.01171875
0 0.67578125 0.0046875 0.0484375 0.009375
0 0.80703125 0.00703125 0.0421875 0.0140625
0 0.9078125 0.0046875 0.040625 0.009375