0 0.85 0.3421875 0.05546875 0.06484375
0 0.70546875 0.3546875 0.040625 0.06015625
0 0.0203125 0.3640625 0.0265625 0.040625
0 0.06875 0.34765625 0.03125 0.040625
0 0.12734375 0.3484375 0.0484375 0.0578125
0 0.18515625 0.35 0.02421875 0.040625
0 0.21171875 0.3390625 0.04296875 0.0578125
0 0.26953125 0.353125 0.04296875 0.0671875
0 0.365625 0.3609375 0.03828125 0.04296875
0 0.421875 0.35 0.0359375 0.0453125
0 0.4671875 0.3640625 0.040625 0.05078125
0 0.50390625 0.35703125 0.040625 0.05546875
0 0.53515625 0.3546875 0.0359375 0.0453125
0 0.578125 0.3609375 0.040625 0.0578125