0 0.140625 0.3828125 0.2046875 0.240625
0 0.85703125 0.3796875 0.06015625 0.075
0 0.6890625 0.3828125 0.0453125 0.07265625
0 0.01953125 0.37734375 0.03359375 0.06015625
0 0.290625 0.4 0.04296875 0.0625
0 0.33671875 0.38828125 0.03359375 0.04375
0 0.36796875 0.39765625 0.02890625 0.03828125
0 0.39453125 0.38046875 0.02890625 0.04375
0 0.43984375 0.390625 0.03828125 0.053125
0 0.50625 0.38515625 0.0265625 0.03359375
0 0.55625 0.38671875 0.0359375 0.04609375
0 0.60703125 0.3984375 0.0265625 0.03125
0 0.646875 0.39765625 0.03828125 0.0484375
0 0.73046875 0.40859375 0.03359375 0.040625
0 0.76953125 0.4046875 0.02890625 0.03359375
0 0.9171875 0.390625 0.0359375 0.0484375
0 0.1390625 0.03359375 0.20703125 0.0671875