1 0.38828125 0.29375 0.06484375 0.08671875
1 0.2875 0.290625 0.0796875 0.10859375
1 0.7921875 0.315625 0.07421875 0.09609375
1 0.6078125 0.30859375 0.08203125 0.1109375
1 0.54296875 0.29609375 0.053125 0.08671875
1 0.8890625 0.2953125 0.115625 0.1421875
1 0.0609375 0.31328125 0.11796875 0.13515625
1 0.74296875 0.31953125 0.0625 0.09375
1 0.38671875 0.02265625 0.0671875 0.0453125
1 0.2859375 0.03046875 0.08203125 0.06015625
1 0.790625 0.01484375 0.0765625 0.02890625
1 0.609375 0.021875 0.084375 0.04375
1 0.54453125 0.021875 0.05546875 0.04375
1 0.88984375 0.0359375 0.1171875 0.071875
1 0.06015625 0.025 0.1203125 0.05
1 0.74296875 0.01171875 0.0640625 0.0234375