1 0.82421875 0.30625 0.15859375 0.19765625
1 0.58515625 0.36171875 0.12734375 0.18828125
1 0.27265625 0.33828125 0.1421875 0.2
1 0.4265625 0.3890625 0.103125 0.1375
1 0.64921875 0.40234375 0.0578125 0.1109375
1 0.12734375 0.36640625 0.08203125 0.14453125
0 0.50625 0.39609375 0.05546875 0.09375
1 0.196875 0.34453125 0.053125 0.1640625
1 0.82578125 0.06171875 0.1609375 0.12265625
1 0.584375 0.03125 0.1296875 0.0625
1 0.271875 0.04609375 0.14453125 0.09140625
1 0.12890625 0.01796875 0.084375 0.0359375
1 0.1984375 0.03359375 0.05546875 0.0671875