1 0.72734375 0.40234375 0.05078125 0.0484375
1 0.1515625 0.53046875 0.0484375 0.0484375
1 0.64765625 0.4265625 0.0359375 0.053125
1 0.7609375 0.421875 0.0359375 0.053125
1 0.91015625 0.35078125 0.0453125 0.04609375
1 0.72734375 0.16640625 0.05078125 0.0484375
1 0.1515625 0.03828125 0.0484375 0.0484375
1 0.1515625 0.89375 0.0484375 0.0484375
1 0.64765625 0.1421875 0.0359375 0.053125
1 0.646875 0.9828125 0.03828125 0.02421875
1 0.7609375 0.146875 0.0359375 0.053125
1 0.759375 0.98515625 0.03828125 0.01953125
1 0.91015625 0.2203125 0.0453125 0.04609375