1 0.4671875 0.28828125 0.07421875 0.09140625
1 0.56953125 0.275 0.0671875 0.084375
1 0.615625 0.34375 0.08203125 0.09609375
1 0.303125 0.24609375 0.1109375 0.11328125
1 0.5140625 0.2328125 0.053125 0.0765625
1 0.19140625 0.25859375 0.084375 0.11796875
1 0.40859375 0.2484375 0.053125 0.07421875
1 0.0375 0.20703125 0.05078125 0.0671875
1 0.13125 0.25859375 0.05078125 0.084375
0 0.94453125 0.29921875 0.09609375 0.11796875
0 0.88359375 0.3734375 0.13203125 0.13671875
1 0.46640625 0.04296875 0.0765625 0.0859375
1 0.56953125 0.05390625 0.0671875 0.084375
1 0.61640625 0.0171875 0.084375 0.03359375
1 0.303125 0.0828125 0.1109375 0.11328125
1 0.5140625 0.09375 0.053125 0.0765625
1 0.19140625 0.07109375 0.084375 0.11796875
1 0.40859375 0.08046875 0.053125 0.07421875
1 0.0375 0.1203125 0.05078125 0.0671875
1 0.13125 0.07109375 0.05078125 0.084375
0 0.94609375 0.04453125 0.0984375 0.0890625