1 0.77734375 0.56484375 0.06484375 0.06953125
1 0.19921875 0.5046875 0.04296875 0.040625
1 0.4234375 0.49765625 0.053125 0.05546875
1 0.4390625 0.3984375 0.03125 0.0359375
1 0.3921875 0.41328125 0.03359375 0.03125
1 0.8234375 0.39609375 0.0453125 0.04609375
1 0.94609375 0.49296875 0.040625 0.040625
1 0.975 0.41484375 0.040625 0.053125
1 0.88203125 0.4 0.02890625 0.04375
1 0.4375 0.00859375 0.03359375 0.0171875
1 0.82109375 0.01171875 0.0484375 0.0234375
1 0.9734375 0.0046875 0.04296875 0.009375
1 0.8828125 0.009375 0.03125 0.01875