1 0.5109375 0.3015625 0.17578125 0.19921875
1 0.609375 0.19453125 0.13203125 0.1390625
0 0.1609375 0.228125 0.1390625 0.178125
0 0.296875 0.25390625 0.13203125 0.1421875
0 0.7484375 0.19921875 0.2328125 0.14921875
0 0.9328125 0.2203125 0.1203125 0.1515625
1 0.509375 0.02265625 0.178125 0.0453125
1 0.6078125 0.0609375 0.134375 0.121875
0 0.1625 0.05390625 0.1421875 0.1078125
0 0.2953125 0.0328125 0.134375 0.06484375
0 0.74765625 0.0609375 0.2359375 0.121875
0 0.93359375 0.0515625 0.12265625 0.103125