0 0.96640625 0.61328125 0.03359375 0.04609375
0 0.1359375 0.5578125 0.03125 0.040625
0 0.1734375 0.5734375 0.04296875 0.053125
0 0.2609375 0.56875 0.040625 0.04375
0 0.34140625 0.575 0.03359375 0.03125
0 0.39921875 0.590625 0.03359375 0.04375
0 0.49140625 0.6015625 0.0453125 0.04609375
0 0.52265625 0.5828125 0.0265625 0.03359375
0 0.5484375 0.5796875 0.03359375 0.04609375
0 0.5921875 0.59609375 0.03125 0.03125
0 0.62265625 0.6046875 0.04296875 0.0484375
0 0.67890625 0.6109375 0.0359375 0.040625
0 0.7640625 0.59765625 0.04296875 0.0484375
0 0.84140625 0.60625 0.03828125 0.04609375
0 0.9078125 0.621875 0.040625 0.03828125