1 0.78828125 0.47265625 0.1828125 0.21875
1 0.4625 0.31875 0.084375 0.0984375
1 0.525 0.38125 0.1421875 0.13671875
1 0.37734375 0.271875 0.0484375 0.0578125
1 0.10703125 0.2078125 0.0453125 0.0796875
1 0.2984375 0.21640625 0.053125 0.0671875
1 0.38359375 0.22109375 0.05078125 0.0578125
1 0.34609375 0.2140625 0.03828125 0.0484375
1 0.10703125 0.03984375 0.0453125 0.0796875
1 0.29921875 0.0328125 0.05546875 0.06484375
1 0.38125 0.02734375 0.053125 0.0546875
1 0.34609375 0.03125 0.03828125 0.0484375