1 0.82109375 0.25625 0.1703125 0.18046875
0 0.084375 0.28046875 0.071875 0.09375
0 0.66484375 0.2734375 0.06953125 0.09375
0 0.1453125 0.3 0.09375 0.11796875
0 0.4953125 0.278125 0.1109375 0.12265625
0 0.42890625 0.2625 0.07421875 0.10625
0 0.9328125 0.27734375 0.0578125 0.07265625
0 0.70703125 0.27265625 0.03828125 0.07734375
0 0.584375 0.26484375 0.0625 0.07265625
1 0.81953125 0.08203125 0.1734375 0.1640625
0 0.084375 0.04921875 0.071875 0.09375
0 0.66484375 0.05625 0.06953125 0.09375
0 0.14453125 0.04453125 0.09609375 0.0890625
0 0.4953125 0.05625 0.1125 0.1125
0 0.42890625 0.06484375 0.07421875 0.10625
0 0.9328125 0.05078125 0.0578125 0.07265625
0 0.70703125 0.05546875 0.03828125 0.07734375
0 0.584375 0.0625 0.0625 0.07265625