1 0.1453125 0.41328125 0.06015625 0.0796875
1 0.1921875 0.39765625 0.053125 0.07265625
1 0.2359375 0.41328125 0.03828125 0.04609375
1 0.35078125 0.41796875 0.0484375 0.06953125
1 0.42421875 0.3828125 0.05078125 0.0625
1 0.521875 0.390625 0.053125 0.0578125
1 0.5625 0.35546875 0.0484375 0.06015625
1 0.62890625 0.33125 0.0453125 0.06484375
1 0.603125 0.33359375 0.03828125 0.05546875
1 0.725 0.3328125 0.05546875 0.0671875
1 0.77421875 0.321875 0.0484375 0.075
1 0.5640625 0.0046875 0.05078125 0.009375
1 0.62734375 0.01796875 0.0484375 0.0359375
1 0.6046875 0.01484375 0.040625 0.02890625
1 0.7234375 0.01796875 0.0578125 0.0359375
1 0.77421875 0.025 0.0515625 0.05