0 0.46484375 0.3015625 0.07421875 0.084375
0 0.3890625 0.31484375 0.071875 0.09609375
0 0.728125 0.36796875 0.0671875 0.08203125
0 0.88125 0.33203125 0.06953125 0.10078125
0 0.21171875 0.334375 0.0671875 0.09140625
0 0.07578125 0.30390625 0.06484375 0.084375
0 0.6140625 0.3140625 0.07421875 0.0984375
0 0.26328125 0.30546875 0.05546875 0.08203125
0 0.671875 0.3296875 0.040625 0.0578125
0 0.81484375 0.30859375 0.053125 0.06484375
0 0.98203125 0.33046875 0.0265625 0.06484375
0 0.4640625 0.0109375 0.0765625 0.021875
0 0.07421875 0.009375 0.0671875 0.01875
0 0.61328125 0.00859375 0.0765625 0.0171875
0 0.26171875 0.00859375 0.0578125 0.0171875