0 0.17421875 0.30703125 0.07421875 0.09375
0 0.5375 0.32421875 0.06953125 0.0796875
0 0.7078125 0.33046875 0.06484375 0.07734375
0 0.375 0.33046875 0.0578125 0.08203125
0 0.2171875 0.32890625 0.0453125 0.06953125
0 0.66953125 0.3484375 0.03125 0.06484375
0 0.1734375 0.03515625 0.0765625 0.06953125
0 0.5359375 0.02265625 0.071875 0.0453125
0 0.70703125 0.01953125 0.0671875 0.03828125
0 0.3765625 0.0203125 0.06015625 0.040625
0 0.21640625 0.01796875 0.0484375 0.0359375
0 0.6671875 0.00703125 0.034375 0.0140625