1 0.68046875 0.6109375 0.071875 0.09140625
1 0.8921875 0.5375 0.0625 0.084375
1 0.49296875 0.615625 0.08203125 0.10078125
1 0.7328125 0.5828125 0.0625 0.07421875
1 0.94375 0.52421875 0.05546875 0.0765625
1 0.18125 0.50859375 0.06015625 0.0796875
1 0.17890625 0.603125 0.06015625 0.0765625
1 0.615625 0.52890625 0.0578125 0.0671875
1 0.265625 0.671875 0.084375 0.12265625
1 0.77734375 0.50703125 0.06015625 0.08671875
1 0.53125 0.5625 0.0671875 0.0671875
1 0.29453125 0.56484375 0.05078125 0.0671875
1 0.55390625 0.5046875 0.05078125 0.0578125
1 0.45703125 0.475 0.0484375 0.06015625
1 0.41796875 0.55625 0.053125 0.06015625
1 0.2640625 0.959375 0.08671875 0.071875