1 0.1046875 0.46484375 0.06953125 0.08203125
1 0.1671875 0.41796875 0.05078125 0.06953125
1 0.228125 0.4515625 0.0578125 0.0796875
1 0.4046875 0.45625 0.06484375 0.0890625
1 0.2078125 0.375 0.05546875 0.06015625
1 0.24375 0.3375 0.05546875 0.0578125
1 0.30546875 0.3359375 0.0484375 0.06015625
1 0.46640625 0.30390625 0.0484375 0.0578125
1 0.4953125 0.36640625 0.0484375 0.07734375
1 0.5171875 0.43984375 0.0578125 0.0796875
1 0.56953125 0.47578125 0.0671875 0.0890625
1 0.5671875 0.32421875 0.053125 0.06953125
1 0.73828125 0.453125 0.0578125 0.07265625
1 0.69453125 0.4 0.053125 0.0625
1 0.8890625 0.478125 0.08203125 0.0984375
2 0.084375 0.62890625 0.14453125 0.3953125
2 0.23203125 0.6203125 0.1421875 0.4171875
2 0.4046875 0.6203125 0.18984375 0.4171875
2 0.57578125 0.62421875 0.15625 0.4
2 0.69609375 0.6328125 0.13671875 0.39296875
2 0.7703125 0.6203125 0.12265625 0.40703125
2 0.89921875 0.6265625 0.1875 0.4046875
2 0.1625 0.45546875 0.0984375 0.14453125
2 0.30078125 0.478125 0.10546875 0.1375
2 0.521875 0.478125 0.1296875 0.1515625
2 0.70703125 0.45390625 0.16328125 0.16171875
2 0.3484375 0.39296875 0.09140625 0.115625
2 0.49140625 0.40703125 0.12265625 0.14453125
2 0.578125 0.36953125 0.11796875 0.17109375
2 0.46484375 0.3421875 0.1078125 0.13515625
2 0.30625 0.353125 0.06953125 0.0984375
2 0.2390625 0.359375 0.06953125 0.09609375
2 0.19921875 0.39140625 0.0625 0.0984375
1 0.24296875 0.0109375 0.0578125 0.021875
1 0.30546875 0.01171875 0.0515625 0.0234375
1 0.46640625 0.02734375 0.0515625 0.0546875
1 0.56875 0.0203125 0.05546875 0.040625
2 0.08515625 0.915625 0.146875 0.159375
2 0.23046875 0.91484375 0.14453125 0.16171875
2 0.40390625 0.91484375 0.1921875 0.16171875
2 0.57421875 0.9171875 0.15859375 0.15625
2 0.69453125 0.91484375 0.1390625 0.16171875
2 0.76953125 0.9171875 0.125 0.15625
2 0.9 0.91484375 0.18984375 0.16171875
2 0.57578125 0.02265625 0.1203125 0.0453125
2 0.46328125 0.02734375 0.1109375 0.0546875
2 0.30546875 0.01328125 0.071875 0.0265625
2 0.2375 0.009375 0.071875 0.01875