0 0.8328125 0.36640625 0.06015625 0.06484375
0 0.2234375 0.3765625 0.0484375 0.06953125
0 0.61875 0.365625 0.05546875 0.0625
0 0.38203125 0.36171875 0.0484375 0.06015625
0 0.54921875 0.38203125 0.05078125 0.0578125
0 0.47265625 0.36875 0.05078125 0.06484375
0 0.134375 0.3765625 0.053125 0.06484375
0 0.3078125 0.3578125 0.053125 0.0625
0 0.7390625 0.38203125 0.05078125 0.0578125
0 0.6875 0.36796875 0.053125 0.0671875
0 0.83203125 0.01953125 0.0625 0.03828125
0 0.225 0.015625 0.05078125 0.03125
0 0.61796875 0.01953125 0.0578125 0.03828125
0 0.38359375 0.0203125 0.05078125 0.040625
0 0.5484375 0.009375 0.053125 0.01875
0 0.47109375 0.01796875 0.053125 0.0359375
0 0.13515625 0.0140625 0.0546875 0.028125
0 0.30859375 0.02265625 0.05546875 0.0453125
0 0.7375 0.009375 0.053125 0.01875
0 0.6890625 0.01953125 0.05546875 0.03828125