0 0.1296875 0.3453125 0.15390625 0.1703125
0 0.75234375 0.31484375 0.1296875 0.15390625
0 0.61171875 0.35703125 0.07421875 0.103125
0 0.37265625 0.39765625 0.09609375 0.12265625
0 0.49140625 0.37265625 0.06484375 0.0765625
0 0.2484375 0.40234375 0.040625 0.0453125
0 0.29921875 0.3890625 0.040625 0.053125
0 0.5828125 0.1890625 0.03125 0.03125
0 0.634375 0.18984375 0.02890625 0.03828125
0 0.69140625 0.19609375 0.021875 0.0359375
0 0.27265625 0.2828125 0.0265625 0.03125
0 0.3140625 0.18984375 0.021875 0.03359375
0 0.3421875 0.1921875 0.021875 0.02421875
0 0.3953125 0.18125 0.021875 0.0265625
0 0.37734375 0.19140625 0.01953125 0.03125
0 0.36328125 0.19921875 0.01953125 0.02890625
0 0.13125 0.0375 0.15625 0.07421875
0 0.75390625 0.0484375 0.13203125 0.09609375
0 0.61015625 0.0140625 0.0765625 0.028125
0 0.5828125 0.1453125 0.03125 0.03125
0 0.634375 0.1421875 0.02890625 0.03828125
0 0.69140625 0.13828125 0.021875 0.0359375
0 0.27265625 0.0515625 0.0265625 0.03125
0 0.3140625 0.1421875 0.021875 0.03359375
0 0.3421875 0.1390625 0.021875 0.02421875
0 0.3953125 0.15234375 0.021875 0.0265625
0 0.37734375 0.14296875 0.01953125 0.03125
0 0.36328125 0.13203125 0.01953125 0.02890625