1 0.93515625 0.36640625 0.0578125 0.06484375
1 0.146875 0.40859375 0.04296875 0.0578125
1 0.23828125 0.39453125 0.0484375 0.0578125
1 0.37109375 0.40625 0.0453125 0.0578125
1 0.5609375 0.4 0.0453125 0.05078125
1 0.4234375 0.3796875 0.03359375 0.04296875
1 0.11171875 0.4015625 0.0265625 0.03359375
1 0.4796875 0.4359375 0.0359375 0.05078125
1 0.51953125 0.38671875 0.03359375 0.0484375
1 0.6765625 0.37890625 0.03125 0.040625
1 0.7234375 0.375 0.03828125 0.0484375
1 0.803125 0.3734375 0.03828125 0.0453125
1 0.60078125 0.47265625 0.03828125 0.0453125
1 0.86796875 0.38203125 0.04296875 0.0578125
1 0.5875 0.3765625 0.03125 0.0453125