1 0.62890625 0.25703125 0.06953125 0.08203125
1 0.56875 0.3234375 0.06953125 0.1078125
1 0.81640625 0.4015625 0.12265625 0.14921875
1 0.40390625 0.27734375 0.071875 0.1078125
1 0.7125 0.240625 0.06953125 0.0765625
1 0.51328125 0.259375 0.06015625 0.071875
1 0.7046875 0.31640625 0.0765625 0.11328125
1 0.90390625 0.27421875 0.08671875 0.10078125
1 0.19921875 0.44375 0.1390625 0.1609375
1 0.2703125 0.33046875 0.0796875 0.103125
1 0.7703125 0.30390625 0.06953125 0.103125
1 0.1 0.328125 0.09375 0.11328125
1 0.56640625 0.24375 0.05546875 0.07421875
1 0.08203125 0.43046875 0.1296875 0.15859375
1 0.6359375 0.359375 0.09375 0.12734375
1 0.34140625 0.3703125 0.10546875 0.1296875
1 0.4625 0.353125 0.103125 0.15390625
1 0.9703125 0.37890625 0.05078125 0.13671875
1 0.3453125 0.24765625 0.0453125 0.071875
1 0.24140625 0.2671875 0.06015625 0.0625
1 0.62890625 0.1078125 0.06953125 0.08203125
1 0.5671875 0.04921875 0.071875 0.0984375
1 0.81484375 0.0203125 0.125 0.040625
1 0.40390625 0.08984375 0.071875 0.1078125
1 0.7125 0.125 0.06953125 0.0765625
1 0.51328125 0.10546875 0.06015625 0.071875
1 0.70546875 0.05390625 0.0796875 0.1078125
1 0.90390625 0.09140625 0.08671875 0.10078125
1 0.26953125 0.04453125 0.08203125 0.0890625
1 0.7703125 0.0640625 0.06953125 0.103125
1 0.0984375 0.0484375 0.09609375 0.09609375
1 0.56640625 0.1234375 0.05546875 0.07421875
1 0.634375 0.0359375 0.09609375 0.071875
1 0.3421875 0.03125 0.1078125 0.0625
1 0.4609375 0.0453125 0.10625 0.090625
1 0.96875 0.02890625 0.053125 0.0578125
1 0.3453125 0.11796875 0.0453125 0.071875
1 0.24140625 0.0984375 0.06015625 0.0625