1 0.0640625 0.37265625 0.12734375 0.34921875
1 0.15234375 0.440625 0.1421875 0.26015625
1 0.27265625 0.48046875 0.165625 0.23828125
1 0.25625 0.3265625 0.18984375 0.1953125
1 0.47578125 0.39765625 0.2015625 0.2796875
1 0.5515625 0.325 0.18046875 0.26015625
1 0.68984375 0.36953125 0.1390625 0.23828125
1 0.8296875 0.41328125 0.1828125 0.2484375
1 0.91328125 0.35078125 0.15859375 0.29609375
1 0.0640625 0.09765625 0.12734375 0.1953125
1 0.15078125 0.040625 0.1453125 0.08125
1 0.2546875 0.08203125 0.1921875 0.1640625
1 0.47734375 0.0671875 0.2046875 0.134375
1 0.55078125 0.0984375 0.1828125 0.196875
1 0.69140625 0.07109375 0.1421875 0.1421875
1 0.8296875 0.0515625 0.184375 0.103125
1 0.91484375 0.0953125 0.1609375 0.190625