1 0.3078125 0.5421875 0.071875 0.07265625
1 0.89921875 0.45078125 0.0625 0.07734375
1 0.21484375 0.38203125 0.05078125 0.040625
1 0.7328125 0.3515625 0.04296875 0.0484375
1 0.6765625 0.31484375 0.03125 0.040625
1 0.08203125 0.29765625 0.02890625 0.0359375
1 0.6515625 0.3359375 0.02890625 0.0359375
1 0.57109375 0.30390625 0.0265625 0.03359375
1 0.5265625 0.3 0.03359375 0.040625
1 0.734375 0.00390625 0.0453125 0.00703125
1 0.6765625 0.0203125 0.03125 0.040625
1 0.08203125 0.0375 0.02890625 0.0359375
1 0.65234375 0.00859375 0.03125 0.0171875
1 0.57109375 0.02890625 0.0265625 0.03359375
1 0.5265625 0.03515625 0.03359375 0.040625