0 0.115625 0.3484375 0.1109375 0.10078125
0 0.1921875 0.31953125 0.03359375 0.053125
0 0.021875 0.28359375 0.02421875 0.03828125
0 0.23828125 0.3265625 0.0671875 0.09140625
0 0.2765625 0.271875 0.03828125 0.04296875
0 0.33515625 0.3125 0.06953125 0.0765625
0 0.39921875 0.32421875 0.053125 0.0625
0 0.43125 0.28984375 0.03125 0.0359375
0 0.4828125 0.334375 0.0671875 0.08203125
0 0.6046875 0.36875 0.05078125 0.0796875
0 0.86171875 0.43046875 0.1078125 0.08671875
0 0.9 0.33671875 0.040625 0.0625
0 0.81015625 0.34765625 0.03828125 0.05078125
1 0.7546875 0.31875 0.03359375 0.0453125
1 0.70703125 0.31640625 0.03359375 0.05078125
1 0.67578125 0.328125 0.03828125 0.05078125
0 0.6390625 0.334375 0.03828125 0.0625
1 0.6109375 0.28984375 0.01953125 0.0265625
0 0.11640625 0.015625 0.11328125 0.03125
0 0.19375 0.01796875 0.0359375 0.0359375
0 0.021875 0.04296875 0.02421875 0.03828125
0 0.2390625 0.02421875 0.06953125 0.0484375
0 0.2765625 0.05546875 0.03828125 0.04296875
0 0.334375 0.02734375 0.071875 0.0546875
0 0.4 0.01796875 0.05546875 0.0359375
0 0.43125 0.03984375 0.03125 0.0359375
0 0.484375 0.01796875 0.06953125 0.0359375
0 0.8984375 0.01171875 0.04375 0.0234375
0 0.8109375 0.00390625 0.040625 0.00703125
1 0.75625 0.0171875 0.0359375 0.03359375
1 0.7078125 0.01953125 0.0359375 0.03828125
1 0.6765625 0.01328125 0.040625 0.0265625
0 0.640625 0.01328125 0.040625 0.0265625
1 0.6109375 0.03984375 0.01953125 0.0265625