0 0.54453125 0.415625 0.06484375 0.084375
0 0.67578125 0.3984375 0.0625 0.075
0 0.24140625 0.409375 0.06953125 0.08203125
0 0.4390625 0.39609375 0.0796875 0.11328125
0 0.87109375 0.3734375 0.09375 0.10625
0 0.959375 0.3640625 0.0671875 0.07265625
0 0.10078125 0.321875 0.178125 0.2046875
0 0.37890625 0.415625 0.05546875 0.075
0 0.7140625 0.3828125 0.03359375 0.0625
0 0.54296875 0.009375 0.0671875 0.01875
0 0.6765625 0.015625 0.06484375 0.03125
0 0.240625 0.01171875 0.071875 0.0234375
0 0.4375 0.0265625 0.08203125 0.053125
0 0.86953125 0.0359375 0.0953125 0.071875
0 0.96015625 0.0328125 0.06953125 0.06484375
0 0.10234375 0.08671875 0.18046875 0.1734375
0 0.37734375 0.00703125 0.0578125 0.0140625
0 0.71484375 0.0203125 0.0359375 0.040625