1 0.33046875 0.43515625 0.07421875 0.09375
1 0.68359375 0.45546875 0.06484375 0.08203125
1 0.10703125 0.45390625 0.06015625 0.0796875
1 0.04296875 0.46640625 0.0578125 0.06484375
1 0.50234375 0.44375 0.053125 0.0625
1 0.63359375 0.48671875 0.040625 0.053125
1 0.86171875 0.48046875 0.0359375 0.05078125
1 0.9375 0.49296875 0.0484375 0.04609375
1 0.9 0.48203125 0.0359375 0.0578125
1 0.4078125 0.48828125 0.03125 0.040625
1 0.5921875 0.47734375 0.0265625 0.03359375
1 0.1546875 0.46953125 0.021875 0.03359375
1 0.28125 0.46953125 0.01953125 0.02421875