0 0.11171875 0.23046875 0.13203125 0.16328125
1 0.18046875 0.2546875 0.071875 0.1296875
1 0.3140625 0.31640625 0.1421875 0.165625
1 0.4390625 0.30546875 0.0890625 0.1296875
1 0.521875 0.28359375 0.0578125 0.0765625
1 0.6421875 0.26328125 0.071875 0.11796875
0 0.72109375 0.27734375 0.134375 0.19921875
0 0.82578125 0.3109375 0.06015625 0.09375
0 0.90859375 0.24375 0.16796875 0.23828125
0 0.1109375 0.04921875 0.134375 0.0984375
1 0.18125 0.02890625 0.07421875 0.0578125
1 0.64296875 0.021875 0.07421875 0.04296875
0 0.72265625 0.03515625 0.13671875 0.06953125
0 0.91015625 0.0609375 0.1703125 0.121875