0 0.234375 0.375 0.07421875 0.10859375
0 0.39296875 0.38515625 0.09375 0.1109375
0 0.91015625 0.37734375 0.12734375 0.15625
0 0.6390625 0.41171875 0.0578125 0.07734375
0 0.56484375 0.37265625 0.10078125 0.11796875
0 0.75390625 0.38828125 0.09375 0.13046875
0 0.96640625 0.33984375 0.053125 0.159375
0 0.1140625 0.43125 0.0453125 0.0578125
0 0.48671875 0.43046875 0.040625 0.05078125
0 0.8140625 0.43046875 0.05546875 0.075
0 0.3125 0.43359375 0.03828125 0.053125
0 0.90859375 0.015625 0.1296875 0.03125
0 0.9671875 0.03515625 0.05546875 0.06953125