1 0.6359375 0.4375 0.07421875 0.09375
1 0.36171875 0.3734375 0.0453125 0.0671875
1 0.47265625 0.4015625 0.03125 0.040625
1 0.52265625 0.39765625 0.03125 0.03828125
0 0.7640625 0.38828125 0.0484375 0.0578125
1 0.4109375 0.39296875 0.02890625 0.03828125
1 0.63359375 0.02265625 0.0765625 0.0453125
1 0.36171875 0.06015625 0.0453125 0.0671875
1 0.47265625 0.03515625 0.03125 0.040625
1 0.52265625 0.0359375 0.03125 0.03828125
0 0.7640625 0.04609375 0.0484375 0.0578125
1 0.4109375 0.040625 0.02890625 0.03828125