1 0.78828125 0.284375 0.0578125 0.0578125
1 0.11640625 0.48046875 0.040625 0.05546875
1 0.4546875 0.54609375 0.0484375 0.05078125
1 0.46875 0.51953125 0.0484375 0.04609375
1 0.84140625 0.31796875 0.02890625 0.03828125
1 0.73671875 0.42890625 0.0453125 0.03828125
1 0.55078125 0.33828125 0.0140625 0.0171875
1 0.48828125 0.3421875 0.01953125 0.01953125
1 0.5109375 0.33515625 0.0171875 0.01953125
1 0.52890625 0.340625 0.0140625 0.0171875
2 0.1203125 0.57578125 0.08671875 0.2359375
2 0.44375 0.6734375 0.19453125 0.2625
2 0.7953125 0.425 0.0671875 0.33046875
2 0.7921875 0.48203125 0.146875 0.15390625
2 0.85234375 0.39140625 0.0453125 0.17109375
2 0.49296875 0.5640625 0.08203125 0.13046875
2 0.49140625 0.378125 0.021875 0.08671875
2 0.55625 0.37578125 0.0265625 0.09609375
2 0.5296875 0.37578125 0.021875 0.09140625
2 0.5109375 0.375 0.021875 0.0984375
1 0.78828125 0.04375 0.0578125 0.0578125
1 0.8421875 0.015625 0.03125 0.03125
1 0.509375 0.00234375 0.01953125 0.0046875
2 0.4421875 0.9265625 0.196875 0.1375
2 0.796875 0.03515625 0.06953125 0.06953125