1 0.71484375 0.35234375 0.0796875 0.09375
1 0.30625 0.36171875 0.0984375 0.0890625
1 0.58515625 0.334375 0.0453125 0.0578125
1 0.5578125 0.32578125 0.02890625 0.040625
1 0.6265625 0.334375 0.040625 0.0578125
1 0.4625 0.353125 0.021875 0.03359375
0 0.946875 0.33671875 0.02890625 0.03359375
1 0.6671875 0.33671875 0.0265625 0.03828125
1 0.71328125 0.01171875 0.0828125 0.0234375
1 0.58359375 0.01171875 0.0484375 0.0234375
1 0.5578125 0.01171875 0.03125 0.0234375
1 0.62421875 0.01171875 0.0421875 0.0234375
0 0.9484375 0.0046875 0.03125 0.009375
1 0.665625 0.00625 0.02890625 0.01171875