1 0.4015625 0.38046875 0.0578125 0.08203125
1 0.96640625 0.39296875 0.053125 0.08203125
1 0.7921875 0.38203125 0.05078125 0.075
1 0.33515625 0.38671875 0.05546875 0.06953125
1 0.7390625 0.4 0.0453125 0.07265625
1 0.15234375 0.653125 0.07421875 0.07265625
0 0.1671875 0.3796875 0.06953125 0.0796875
0 0.65859375 0.39609375 0.0484375 0.06953125
1 0.4890625 0.40625 0.05546875 0.075
1 0.61171875 0.39609375 0.040625 0.06953125
0 0.53125 0.4 0.04296875 0.0578125
1 0.1515625 0.98515625 0.0765625 0.01953125