1 0.5671875 0.36171875 0.071875 0.084375
1 0.20546875 0.303125 0.06953125 0.10546875
1 0.39453125 0.3328125 0.071875 0.0984375
1 0.3140625 0.34609375 0.05546875 0.071875
1 0.86640625 0.365625 0.09375 0.10546875
1 0.13203125 0.296875 0.10546875 0.12734375
0 0.7046875 0.36796875 0.053125 0.0671875
1 0.56875 0.01953125 0.07421875 0.03828125
1 0.20546875 0.053125 0.06953125 0.10546875
1 0.3953125 0.0375 0.07421875 0.07421875
1 0.3125 0.02421875 0.0578125 0.0484375
1 0.865625 0.02265625 0.09609375 0.0453125
1 0.13359375 0.0625 0.1078125 0.125
0 0.7046875 0.01171875 0.05625 0.0234375