1 0.34375 0.3 0.1921875 0.209375
1 0.521875 0.43984375 0.08671875 0.0890625
1 0.40234375 0.421875 0.0984375 0.1203125
1 0.56875 0.50703125 0.05078125 0.05078125
1 0.3390625 0.4375 0.04296875 0.0359375
2 0.21640625 0.52265625 0.39921875 0.60234375
2 0.37109375 0.5953125 0.19921875 0.4578125
2 0.553125 0.559375 0.1296875 0.14921875
2 0.47578125 0.57734375 0.1734375 0.3640625
1 0.3453125 0.07265625 0.19453125 0.14453125
2 0.2171875 0.059375 0.4015625 0.11796875
2 0.2171875 0.91328125 0.4015625 0.1640625
2 0.3703125 0.91328125 0.2015625 0.1640625
2 0.47734375 0.94609375 0.17578125 0.0984375