1 0.2796875 0.50234375 0.05078125 0.0765625
1 0.80625 0.50625 0.06015625 0.06484375
1 0.51796875 0.48046875 0.0453125 0.071875
1 0.38203125 0.4984375 0.0484375 0.06484375
1 0.64453125 0.47578125 0.053125 0.0671875
1 0.5796875 0.49140625 0.0484375 0.06953125
1 0.7140625 0.365625 0.0578125 0.071875
1 0.61328125 0.35 0.053125 0.06953125
1 0.4703125 0.49375 0.0453125 0.06953125
1 0.521875 0.2359375 0.0484375 0.071875
1 0.74375 0.5109375 0.05546875 0.06953125
1 0.1515625 0.490625 0.0578125 0.0625
1 0.209375 0.4703125 0.0484375 0.05546875
1 0.24296875 0.4265625 0.03828125 0.06015625
1 0.353125 0.37890625 0.04296875 0.07421875
1 0.46015625 0.36328125 0.0359375 0.0625
1 0.52265625 0.02421875 0.05078125 0.0484375