1 0.21640625 0.36640625 0.08671875 0.09375
1 0.0453125 0.33203125 0.0671875 0.08203125
0 0.3015625 0.37109375 0.040625 0.05078125
0 0.353125 0.3859375 0.0578125 0.07421875
1 0.4265625 0.35546875 0.05546875 0.071875
1 0.53984375 0.34765625 0.06953125 0.09375
0 0.59765625 0.36171875 0.05546875 0.06953125
0 0.665625 0.36640625 0.0625 0.0796875
0 0.74296875 0.37890625 0.053125 0.06953125
0 0.78125 0.3734375 0.03359375 0.0453125
0 0.9203125 0.3734375 0.071875 0.09375
0 0.9734375 0.38203125 0.03828125 0.08203125
1 0.046875 0.021875 0.06953125 0.04296875
1 0.42578125 0.00703125 0.0578125 0.0140625
1 0.53828125 0.0171875 0.071875 0.03359375