1 0.140625 0.49140625 0.0453125 0.0578125
1 0.165625 0.28828125 0.02890625 0.040625
1 0.47265625 0.19765625 0.03125 0.03828125
1 0.2359375 0.38203125 0.04296875 0.04609375
1 0.3296875 0.30390625 0.03359375 0.04375
1 0.51171875 0.38203125 0.03828125 0.040625
1 0.96875 0.61796875 0.0484375 0.05546875
1 0.93125 0.45546875 0.040625 0.053125
1 0.6359375 0.384375 0.0359375 0.040625
1 0.66953125 0.3015625 0.0359375 0.04375
1 0.53125 0.35390625 0.03359375 0.03828125
1 0.165625 0.0421875 0.02890625 0.040625
1 0.47265625 0.13046875 0.03125 0.03828125
1 0.3296875 0.02421875 0.03359375 0.04375
1 0.66953125 0.0265625 0.0359375 0.04375