1 0.86328125 0.3328125 0.071875 0.084375
1 0.64296875 0.3421875 0.05546875 0.06484375
1 0.39765625 0.365625 0.03125 0.03828125
1 0.43515625 0.36796875 0.03828125 0.053125
1 0.4796875 0.3546875 0.03125 0.040625
1 0.5015625 0.35 0.0265625 0.040625
1 0.53515625 0.35078125 0.0359375 0.0484375
1 0.58515625 0.3390625 0.040625 0.0578125
1 0.765625 0.35234375 0.040625 0.05078125
1 0.81015625 0.359375 0.03359375 0.040625
1 0.98046875 0.33203125 0.02421875 0.0765625
1 0.86328125 0.10234375 0.071875 0.084375
1 0.64296875 0.0921875 0.05546875 0.06484375
1 0.39765625 0.0671875 0.03125 0.03828125
1 0.43515625 0.06484375 0.03828125 0.053125
1 0.4796875 0.08046875 0.03125 0.040625
1 0.5015625 0.08515625 0.0265625 0.040625
1 0.53515625 0.08203125 0.0359375 0.0484375
1 0.58515625 0.09375 0.040625 0.0578125
1 0.765625 0.0828125 0.040625 0.05078125
1 0.81015625 0.07578125 0.03359375 0.040625
1 0.98046875 0.10078125 0.02421875 0.0765625