0 0.0640625 0.359375 0.06484375 0.084375
0 0.18125 0.31953125 0.06484375 0.08203125
0 0.22578125 0.265625 0.053125 0.0796875
0 0.30546875 0.3265625 0.0625 0.08203125
0 0.36328125 0.30546875 0.0578125 0.08203125
0 0.4265625 0.25703125 0.05078125 0.0578125
0 0.4734375 0.3328125 0.0625 0.06953125
0 0.5 0.2796875 0.0484375 0.06953125
0 0.6078125 0.2828125 0.0578125 0.06953125
0 0.80390625 0.38671875 0.05546875 0.0625
0 0.6625 0.2875 0.05078125 0.06953125
0 0.93984375 0.35703125 0.0671875 0.0984375
0 0.8375 0.32109375 0.05546875 0.06953125
0 0.765625 0.28828125 0.06484375 0.0765625
0 0.75859375 0.228125 0.0453125 0.0578125
0 0.83515625 0.25234375 0.05546875 0.0625
0 0.22734375 0.0109375 0.05546875 0.021875
0 0.425 0.009375 0.053125 0.01875
0 0.75703125 0.02421875 0.0484375 0.0484375
0 0.834375 0.01328125 0.0578125 0.0265625