1 0.125 0.2625 0.10078125 0.13046875
1 0.74765625 0.28671875 0.08203125 0.1015625
1 0.6265625 0.35546875 0.05546875 0.075
1 0.82421875 0.3625 0.053125 0.075
1 0.3453125 0.31484375 0.06953125 0.075
1 0.54296875 0.346875 0.0625 0.07265625
1 0.29296875 0.34609375 0.0578125 0.0796875
1 0.4359375 0.3671875 0.05546875 0.075
1 0.49609375 0.38671875 0.05078125 0.06015625
1 0.12421875 0.06484375 0.1015625 0.1296875
1 0.7484375 0.046875 0.084375 0.09375
1 0.625 0.00625 0.0578125 0.01171875
1 0.34375 0.0265625 0.071875 0.053125
1 0.54375 0.009375 0.065625 0.01875
1 0.29375 0.01171875 0.059375 0.0234375