0 0.57109375 0.39296875 0.06953125 0.09140625
0 0.7859375 0.4109375 0.0765625 0.09375
0 0.328125 0.45078125 0.0796875 0.08671875
0 0.0875 0.45390625 0.06953125 0.084375
0 0.9078125 0.44921875 0.103125 0.11796875
0 0.509375 0.42265625 0.0484375 0.06953125
0 0.6453125 0.4265625 0.05078125 0.0625
0 0.31015625 0.4171875 0.0578125 0.0625
0 0.025 0.45390625 0.040625 0.05546875
0 0.23203125 0.4578125 0.0265625 0.03359375
0 0.56953125 0.01796875 0.071875 0.0359375
0 0.78671875 0.009375 0.0796875 0.01875