1 0.41328125 0.26171875 0.16328125 0.16328125
1 0.490625 0.4359375 0.08203125 0.09375
1 0.1703125 0.428125 0.0765625 0.1109375
1 0.0203125 0.37109375 0.040625 0.0890625
1 0.5625 0.4421875 0.0578125 0.0625
1 0.4984375 0.3484375 0.03125 0.03828125
1 0.59609375 0.41796875 0.04296875 0.03828125
1 0.72734375 0.4078125 0.03125 0.0359375
1 0.8390625 0.3609375 0.02421875 0.03359375
1 0.68359375 0.3890625 0.03125 0.03359375
1 0.7359375 0.36796875 0.02421875 0.03359375
1 0.59375 0.35 0.03359375 0.0359375
1 0.71015625 0.35234375 0.021875 0.0359375
1 0.4140625 0.07421875 0.165625 0.1484375