1 0.8640625 0.278125 0.084375 0.0984375
1 0.56484375 0.2484375 0.08203125 0.09140625
1 0.9703125 0.26953125 0.05078125 0.08203125
1 0.8171875 0.2828125 0.0578125 0.0796875
1 0.490625 0.4203125 0.1296875 0.1421875
1 0.21171875 0.3828125 0.0578125 0.0578125
1 0.71640625 0.2828125 0.03359375 0.04609375
1 0.55625 0.33359375 0.0453125 0.05546875
1 0.8640625 0.0515625 0.084375 0.0984375
1 0.56484375 0.0796875 0.08203125 0.09140625
1 0.9703125 0.0578125 0.05078125 0.08203125
1 0.8171875 0.046875 0.0578125 0.0796875
1 0.71640625 0.046875 0.03359375 0.04609375
1 0.55546875 0.01171875 0.0484375 0.0234375