1 0.51953125 0.31328125 0.08203125 0.115625
1 0.13125 0.31953125 0.084375 0.11328125
1 0.7609375 0.32421875 0.103125 0.1375
1 0.23671875 0.31484375 0.0984375 0.1375
1 0.43046875 0.34921875 0.053125 0.0625
0 0.3265625 0.346875 0.0671875 0.09140625
1 0.5796875 0.34375 0.053125 0.0796875
1 0.01953125 0.4046875 0.02421875 0.03828125
1 0.94375 0.43515625 0.0359375 0.05078125
1 0.5203125 0.05625 0.084375 0.1125
1 0.1296875 0.053125 0.08671875 0.10625
1 0.75859375 0.05625 0.1046875 0.1125
1 0.2359375 0.06171875 0.10078125 0.12265625
1 0.43046875 0.025 0.0546875 0.05
0 0.328125 0.03359375 0.06953125 0.0671875
1 0.58046875 0.0328125 0.05546875 0.06484375