1 0.45078125 0.32421875 0.06484375 0.0796875
1 0.521875 0.290625 0.09609375 0.1328125
1 0.84609375 0.26953125 0.1203125 0.15390625
1 0.67890625 0.31328125 0.1421875 0.178125
1 0.6046875 0.3265625 0.05546875 0.084375
0 0.2875 0.32421875 0.07421875 0.0890625
1 0.7953125 0.3265625 0.0671875 0.0984375
1 0.44921875 0.02265625 0.0671875 0.0453125
1 0.52265625 0.053125 0.0984375 0.10625
1 0.84765625 0.06875 0.12265625 0.1375
1 0.678125 0.053125 0.14453125 0.10625
1 0.60234375 0.02265625 0.0578125 0.0453125
0 0.28515625 0.025 0.0765625 0.05
1 0.796875 0.0265625 0.06953125 0.053125