1 0.9015625 0.31328125 0.0625 0.07734375
1 0.36171875 0.32265625 0.05546875 0.07734375
1 0.0890625 0.33125 0.053125 0.06953125
1 0.5140625 0.31796875 0.0484375 0.07265625
1 0.67890625 0.32265625 0.0453125 0.07265625
1 0.21171875 0.34921875 0.0578125 0.0671875
1 0.4515625 0.34375 0.03359375 0.06015625
0 0.7671875 0.3375 0.03828125 0.0578125
1 0.7140625 0.34453125 0.03359375 0.0484375
1 0.56953125 0.33515625 0.03359375 0.053125
1 0.5984375 0.34609375 0.02890625 0.04609375
1 0.63125 0.34375 0.0359375 0.05546875
1 0.2515625 0.33515625 0.0265625 0.0578125
1 0.3078125 0.33828125 0.02890625 0.040625
1 0.9015625 0.02734375 0.065625 0.0546875
1 0.36015625 0.02265625 0.0578125 0.0453125
1 0.08984375 0.0171875 0.05546875 0.03359375
1 0.515625 0.02421875 0.05078125 0.0484375
1 0.678125 0.021875 0.0484375 0.04375
1 0.21171875 0.00703125 0.0609375 0.0140625
1 0.453125 0.00859375 0.0359375 0.0171875
0 0.76796875 0.0109375 0.040625 0.021875
1 0.71484375 0.0046875 0.0359375 0.009375
1 0.57109375 0.0109375 0.0359375 0.021875
1 0.6 0.00390625 0.03125 0.00703125
1 0.62890625 0.00703125 0.0390625 0.0140625
1 0.24921875 0.01171875 0.0296875 0.0234375
1 0.30859375 0.00625 0.03125 0.01171875