1 0.94375 0.37265625 0.06953125 0.09140625
1 0.0453125 0.41015625 0.0578125 0.07421875
1 0.75 0.3921875 0.0578125 0.071875
1 0.84609375 0.390625 0.0578125 0.07421875
1 0.6515625 0.3921875 0.053125 0.0671875
1 0.4953125 0.4046875 0.053125 0.06484375
1 0.271875 0.39921875 0.0578125 0.0578125
1 0.1921875 0.4265625 0.053125 0.06015625
1 0.58046875 0.40859375 0.05546875 0.0671875
1 0.13828125 0.41328125 0.0453125 0.0625
1 0.41953125 0.40234375 0.0453125 0.06015625
1 0.3453125 0.4265625 0.0453125 0.06015625
1 0.9421875 0.04453125 0.071875 0.0890625
1 0.046875 0.021875 0.06015625 0.04296875
1 0.75078125 0.0296875 0.0609375 0.059375
1 0.84765625 0.03125 0.06015625 0.0625
1 0.65234375 0.02890625 0.05546875 0.0578125
1 0.49609375 0.021875 0.05546875 0.04296875
1 0.27265625 0.02265625 0.06015625 0.0453125
1 0.19296875 0.009375 0.0546875 0.01875
1 0.5796875 0.0203125 0.0578125 0.040625
1 0.13671875 0.0171875 0.0484375 0.03359375
1 0.41796875 0.021875 0.0484375 0.04296875
1 0.34296875 0.009375 0.0484375 0.01875