0 0.03828125 0.3546875 0.0484375 0.05546875
0 0.12734375 0.34765625 0.0671875 0.084375
0 0.2234375 0.37109375 0.0484375 0.06484375
0 0.3546875 0.36796875 0.06953125 0.08203125
0 0.40234375 0.3703125 0.040625 0.0578125
0 0.4796875 0.35703125 0.05546875 0.084375
0 0.5109375 0.37265625 0.0265625 0.0484375
0 0.5796875 0.34375 0.071875 0.09609375
0 0.6140625 0.359375 0.0453125 0.06953125
0 0.765625 0.4 0.05078125 0.06953125
0 0.8140625 0.36171875 0.05078125 0.06015625
0 0.88203125 0.37890625 0.08671875 0.09375
0 0.94453125 0.3734375 0.03828125 0.06015625
0 0.03828125 0.02734375 0.0484375 0.0546875
0 0.12890625 0.03828125 0.06953125 0.0765625
0 0.225 0.021875 0.05078125 0.04296875
0 0.353125 0.02734375 0.071875 0.0546875
0 0.4015625 0.0203125 0.04296875 0.040625
0 0.478125 0.03359375 0.0578125 0.0671875
0 0.509375 0.0171875 0.02890625 0.03359375
0 0.5796875 0.04296875 0.075 0.0859375
0 0.61328125 0.02890625 0.0484375 0.0578125
0 0.7640625 0.00859375 0.053125 0.0171875
0 0.8125 0.025 0.053125 0.05
0 0.88359375 0.025 0.0890625 0.05
0 0.94609375 0.01953125 0.040625 0.03828125