1 0.89453125 0.38359375 0.1109375 0.13203125
1 0.75703125 0.421875 0.0765625 0.09375
1 0.67421875 0.4015625 0.06953125 0.08203125
1 0.83671875 0.3953125 0.0578125 0.103125
0 0.0875 0.36875 0.12734375 0.13203125
0 0.58046875 0.41015625 0.06953125 0.084375
0 0.46171875 0.41796875 0.0578125 0.0625
1 0.24375 0.22578125 0.021875 0.02890625
1 0.15 0.21015625 0.021875 0.0265625
1 0.08046875 0.21171875 0.021875 0.02421875
1 0.02421875 0.353125 0.0484375 0.08203125
1 0.24375 0.01953125 0.021875 0.02890625
1 0.15 0.0375 0.021875 0.0265625
1 0.08046875 0.03359375 0.021875 0.02421875