1 0.2484375 0.265625 0.17578125 0.18515625
1 0.65625 0.225 0.0625 0.103125
1 0.4109375 0.21640625 0.0578125 0.071875
1 0.47734375 0.2171875 0.0359375 0.06015625
1 0.759375 0.24140625 0.08203125 0.12734375
0 0.35546875 0.2859375 0.0765625 0.125
0 0.4328125 0.31015625 0.0671875 0.09609375
0 0.52734375 0.21875 0.03125 0.04296875
0 0.5890625 0.228125 0.0484375 0.0578125
0 0.85 0.26328125 0.209375 0.19453125
1 0.24765625 0.078125 0.178125 0.15625
1 0.65625 0.1046875 0.0625 0.103125
1 0.4109375 0.1109375 0.0578125 0.071875
1 0.47734375 0.11171875 0.0359375 0.06015625
1 0.759375 0.0875 0.08203125 0.12734375
0 0.35703125 0.053125 0.0796875 0.10546875
0 0.43359375 0.03359375 0.06953125 0.0671875
0 0.52734375 0.1078125 0.03125 0.04296875
0 0.5890625 0.0984375 0.0484375 0.0578125
0 0.8484375 0.08203125 0.21171875 0.16328125