1 0.88671875 0.63359375 0.0484375 0.05546875
1 0.28515625 0.25390625 0.0453125 0.05078125
1 0.34140625 0.634375 0.04296875 0.04296875
0 0.646875 0.25625 0.0484375 0.0453125
0 0.42890625 0.66796875 0.0359375 0.04296875
0 0.7828125 0.6609375 0.0359375 0.04296875
0 0.97734375 0.69140625 0.0359375 0.0453125
0 0.015625 0.66328125 0.03125 0.04296875
1 0.28515625 0.05625 0.0453125 0.05078125
0 0.646875 0.05390625 0.0484375 0.0453125
0 0.428125 0.990625 0.03828125 0.009375
0 0.97578125 0.978125 0.03828125 0.03359375