1 0.3375 0.31484375 0.146875 0.178125
1 0.74765625 0.4171875 0.0671875 0.0796875
1 0.44921875 0.45078125 0.0671875 0.084375
1 0.671875 0.4890625 0.05546875 0.06953125
1 0.11171875 0.4890625 0.040625 0.05078125
1 0.5265625 0.50390625 0.03828125 0.0453125
1 0.61796875 0.50703125 0.03359375 0.03828125
2 0.1265625 0.5828125 0.11796875 0.23828125
2 0.80078125 0.603125 0.178125 0.446875
2 0.67578125 0.603125 0.08671875 0.303125
2 0.61640625 0.5734375 0.05078125 0.165625
2 0.52734375 0.60234375 0.06953125 0.23828125
2 0.44921875 0.61875 0.09609375 0.4203125
2 0.29453125 0.521875 0.23828125 0.60546875
1 0.33671875 0.04921875 0.14921875 0.0984375
2 0.8015625 0.91484375 0.18046875 0.1609375
2 0.6765625 0.95078125 0.0890625 0.0890625
2 0.5265625 0.9671875 0.071875 0.05546875
2 0.45078125 0.91328125 0.0984375 0.16328125
2 0.29296875 0.915625 0.240625 0.15859375