1 0.83515625 0.4171875 0.0796875 0.09140625
1 0.19453125 0.4 0.0765625 0.09609375
1 0.40625 0.4015625 0.0578125 0.0796875
1 0.58671875 0.3953125 0.0765625 0.09140625
1 0.728125 0.425 0.0578125 0.06953125
1 0.0328125 0.40625 0.06484375 0.12734375
1 0.5109375 0.4265625 0.05546875 0.0671875
1 0.96484375 0.44609375 0.05078125 0.0578125
1 0.4703125 0.41953125 0.040625 0.0671875
1 0.6765625 0.4421875 0.0453125 0.06015625
1 0.775 0.44453125 0.05078125 0.06015625
1 0.62734375 0.4359375 0.03359375 0.053125