0 0.96484375 0.4265625 0.06015625 0.07734375
0 0.0765625 0.421875 0.0671875 0.07265625
0 0.59375 0.42734375 0.053125 0.06484375
0 0.20078125 0.43828125 0.0453125 0.0625
0 0.32421875 0.446875 0.03359375 0.040625
0 0.01953125 0.46015625 0.03828125 0.0578125
0 0.15 0.46640625 0.05078125 0.05546875
0 0.26171875 0.4515625 0.03828125 0.05546875
0 0.3953125 0.44375 0.0453125 0.053125
0 0.43125 0.43828125 0.0359375 0.04375
0 0.50234375 0.43828125 0.03828125 0.053125
0 0.5328125 0.446875 0.03125 0.040625
0 0.6890625 0.446875 0.05078125 0.06015625
0 0.6609375 0.4328125 0.03359375 0.05546875
0 0.73828125 0.44453125 0.03359375 0.04609375
0 0.82109375 0.421875 0.05078125 0.0578125