1 0.69375 0.3578125 0.18046875 0.20703125
0 0.49296875 0.353125 0.15390625 0.196875
0 0.88359375 0.3453125 0.06484375 0.06953125
0 0.853125 0.30078125 0.04296875 0.053125
0 0.79453125 0.34140625 0.0453125 0.053125
0 0.6078125 0.33046875 0.03828125 0.05078125
1 0.6921875 0.03984375 0.1828125 0.0796875
0 0.49375 0.03984375 0.15625 0.0796875
0 0.88203125 0.01171875 0.0671875 0.0234375
0 0.853125 0.03125 0.04296875 0.053125
0 0.79296875 0.009375 0.0484375 0.01875
0 0.609375 0.0140625 0.040625 0.028125