1 0.5171875 0.346875 0.0765625 0.10625
1 0.084375 0.325 0.1296875 0.1640625
1 0.4109375 0.35390625 0.09140625 0.1109375
1 0.20078125 0.33984375 0.0796875 0.115625
1 0.3375 0.35390625 0.06015625 0.08203125
1 0.2609375 0.353125 0.0453125 0.0796875
1 0.57109375 0.36171875 0.040625 0.0578125
1 0.66484375 0.3375 0.05078125 0.0625
1 0.6203125 0.359375 0.03359375 0.0578125
1 0.30078125 0.36484375 0.03359375 0.06953125
1 0.51796875 0.01796875 0.0796875 0.0359375
1 0.08515625 0.04375 0.13203125 0.08671875
1 0.4125 0.015625 0.09375 0.03125
1 0.19921875 0.02421875 0.08203125 0.0484375
1 0.33671875 0.00859375 0.0625 0.0171875
1 0.259375 0.00859375 0.0484375 0.0171875
1 0.6625 0.01171875 0.053125 0.0234375