1 0.2953125 0.5359375 0.0625 0.084375
1 0.796875 0.37578125 0.1515625 0.19296875
1 0.196875 0.56484375 0.0484375 0.06015625
1 0.446875 0.46875 0.09140625 0.12734375
1 0.1390625 0.590625 0.03828125 0.04375
1 0.109375 0.5890625 0.03125 0.03125
1 0.0796875 0.590625 0.02421875 0.02890625
1 0.296875 0.98046875 0.06484375 0.02890625
1 0.79453125 0.08515625 0.1546875 0.1703125
1 0.1984375 0.97265625 0.05078125 0.04609375
1 0.4484375 0.02265625 0.09375 0.0453125
1 0.1390625 0.95390625 0.03828125 0.04375
1 0.109375 0.9578125 0.03125 0.03125
1 0.0796875 0.95390625 0.02421875 0.02890625