1 0.92890625 0.7671875 0.084375 0.084375
1 0.64921875 0.63515625 0.0578125 0.06484375
1 0.9734375 0.71796875 0.04296875 0.08203125
1 0.5421875 0.60625 0.0453125 0.05546875
1 0.015625 0.68671875 0.03125 0.0578125
1 0.1234375 0.6671875 0.040625 0.0578125
1 0.21640625 0.67109375 0.04296875 0.04609375
1 0.21640625 0.1984375 0.03359375 0.0265625
1 0.28359375 0.35390625 0.03359375 0.03359375
1 0.41953125 0.61328125 0.040625 0.040625
1 0.59609375 0.70703125 0.053125 0.06953125
1 0.49140625 0.7 0.05078125 0.06484375
1 0.43515625 0.70625 0.0484375 0.0625
1 0.4265625 0.6796875 0.0453125 0.0578125
1 0.34765625 0.66484375 0.0359375 0.04375
1 0.50390625 0.5328125 0.040625 0.03359375
1 0.4640625 0.50703125 0.02890625 0.0359375
1 0.38671875 0.51796875 0.03828125 0.04375
1 0.43515625 0.44375 0.02890625 0.04375
1 0.39296875 0.46015625 0.0265625 0.03359375
0 0.79296875 0.71171875 0.0578125 0.04609375
1 0.92890625 0.89765625 0.084375 0.084375
1 0.9734375 0.94453125 0.04296875 0.08203125
1 0.015625 0.97109375 0.03125 0.0484375
1 0.12265625 0.98046875 0.04296875 0.02890625
1 0.2171875 0.98203125 0.0453125 0.0265625
1 0.21640625 0.13125 0.03359375 0.0265625
1 0.59609375 0.9578125 0.053125 0.06953125
1 0.49140625 0.96484375 0.05078125 0.06484375
1 0.43515625 0.95625 0.0484375 0.0625
1 0.42578125 0.975 0.0484375 0.040625
1 0.34609375 0.98515625 0.03828125 0.01953125
0 0.79296875 0.953125 0.0578125 0.04609375