1 0.81015625 0.375 0.0578125 0.0765625
1 0.1609375 0.47265625 0.0578125 0.06484375
0 0.48671875 0.46015625 0.0453125 0.05546875
0 0.3296875 0.4734375 0.04296875 0.0625
0 0.5828125 0.45703125 0.03125 0.04296875
0 0.60546875 0.453125 0.02890625 0.0453125
0 0.6609375 0.46015625 0.04296875 0.05078125
0 0.3734375 0.484375 0.040625 0.0453125
0 0.28984375 0.48671875 0.03125 0.0359375
0 0.42421875 0.49140625 0.03125 0.0359375
0 0.09140625 0.490625 0.0484375 0.0625
1 0.05078125 0.5015625 0.03359375 0.0453125