1 0.0421875 0.45078125 0.0796875 0.12734375
1 0.1078125 0.46171875 0.071875 0.115625
1 0.2078125 0.4515625 0.11328125 0.1390625
1 0.35 0.4484375 0.09375 0.13203125
1 0.3125 0.3953125 0.08203125 0.12265625
1 0.515625 0.421875 0.084375 0.11796875
1 0.484375 0.38671875 0.06953125 0.08203125
1 0.64765625 0.44921875 0.0890625 0.125
1 0.76171875 0.38125 0.115625 0.146875
1 0.63359375 0.365625 0.0890625 0.08671875
1 0.88203125 0.4328125 0.08203125 0.08203125
1 0.959375 0.37890625 0.0671875 0.1609375
0 0.47265625 0.47109375 0.0890625 0.10546875
1 0.040625 0.02421875 0.08125 0.0484375
1 0.109375 0.015625 0.07421875 0.03125
1 0.20703125 0.0265625 0.115625 0.053125
1 0.3484375 0.0265625 0.09609375 0.053125
1 0.3140625 0.05078125 0.084375 0.10078125
1 0.5140625 0.0359375 0.08671875 0.071875
1 0.484375 0.0453125 0.06953125 0.08203125
1 0.646875 0.02421875 0.09140625 0.0484375
1 0.76328125 0.0640625 0.11796875 0.12734375
1 0.63359375 0.0671875 0.0890625 0.08671875
1 0.88359375 0.021875 0.084375 0.04296875
1 0.96015625 0.06875 0.06953125 0.13671875