1 0.0109375 0.44921875 0.021875 0.06953125
1 0.45546875 0.4515625 0.06484375 0.084375
1 0.25703125 0.4203125 0.0671875 0.084375
1 0.14921875 0.44375 0.071875 0.08203125
1 0.0984375 0.43359375 0.0625 0.07734375
1 0.1765625 0.43046875 0.0359375 0.06484375
1 0.334375 0.421875 0.071875 0.0671875
1 0.375 0.43125 0.04296875 0.0671875
1 0.515625 0.43984375 0.05546875 0.06953125
1 0.58671875 0.44921875 0.0765625 0.06953125
1 0.64453125 0.43515625 0.0578125 0.06015625
1 0.709375 0.44453125 0.053125 0.075
1 0.7640625 0.46015625 0.0578125 0.0625
1 0.8109375 0.4640625 0.0453125 0.05546875
1 0.86640625 0.453125 0.05078125 0.0578125
1 0.93515625 0.4671875 0.0578125 0.0671875
1 0.9703125 0.4671875 0.0265625 0.053125