0 0.9078125 0.39921875 0.06953125 0.08203125
0 0.6828125 0.390625 0.0578125 0.06953125
0 0.62734375 0.39453125 0.053125 0.0625
0 0.52265625 0.390625 0.05546875 0.06015625
0 0.76796875 0.39765625 0.0453125 0.05546875
0 0.0953125 0.4 0.0453125 0.0453125
0 0.0625 0.390625 0.02890625 0.0359375
0 0.2828125 0.4015625 0.0453125 0.0484375
0 0.390625 0.39921875 0.0359375 0.053125
0 0.41953125 0.41484375 0.0265625 0.040625
0 0.90625 0.00703125 0.071875 0.0140625
0 0.68359375 0.00859375 0.06015625 0.0171875
0 0.62890625 0.0046875 0.05546875 0.009375
0 0.521875 0.00625 0.0578125 0.01171875