0 0.3296875 0.3734375 0.08671875 0.09609375
0 0.08046875 0.3109375 0.0984375 0.10625
0 0.95078125 0.33828125 0.0890625 0.11796875
0 0.55390625 0.3421875 0.06484375 0.08203125
0 0.4671875 0.34375 0.05078125 0.06953125
0 0.28125 0.3109375 0.0578125 0.07265625
0 0.75390625 0.32265625 0.06484375 0.07734375
0 0.71015625 0.309375 0.0453125 0.06953125
0 0.50703125 0.2890625 0.04296875 0.07265625
0 0.3859375 0.309375 0.0453125 0.06015625
0 0.2046875 0.2953125 0.0484375 0.05546875
0 0.33203125 0.31171875 0.03359375 0.04609375
0 0.86875 0.3109375 0.0359375 0.04375
0 0.79296875 0.315625 0.03359375 0.0484375
0 0.07890625 0.0359375 0.1015625 0.071875
0 0.9484375 0.025 0.090625 0.05
0 0.553125 0.01484375 0.0671875 0.02890625
0 0.46640625 0.0109375 0.053125 0.021875
0 0.28203125 0.02734375 0.0609375 0.0546875
0 0.75234375 0.02265625 0.0671875 0.0453125
0 0.70859375 0.02734375 0.0484375 0.0546875
0 0.50703125 0.03828125 0.04296875 0.07265625
0 0.38359375 0.025 0.0484375 0.05
0 0.2046875 0.03515625 0.0484375 0.05546875
0 0.3328125 0.0203125 0.0359375 0.040625
0 0.86796875 0.0203125 0.03828125 0.040625
0 0.79453125 0.01953125 0.0359375 0.03828125