1 0.0671875 0.43359375 0.0484375 0.05546875
1 0.19453125 0.428125 0.04296875 0.0578125
1 0.34140625 0.43515625 0.0484375 0.0578125
1 0.2953125 0.4703125 0.03359375 0.0453125
1 0.4 0.475 0.03125 0.05078125
1 0.453125 0.44609375 0.05078125 0.05078125
1 0.4890625 0.4546875 0.03125 0.0484375
1 0.53515625 0.4796875 0.03125 0.0453125
1 0.571875 0.4703125 0.04296875 0.05078125
1 0.62890625 0.45078125 0.0265625 0.0453125
1 0.6515625 0.46484375 0.03828125 0.05546875
1 0.70078125 0.44921875 0.040625 0.0578125
1 0.79296875 0.4703125 0.03828125 0.0453125
1 0.93125 0.4671875 0.05078125 0.06015625
1 0.0671875 0.0828125 0.0484375 0.05546875
1 0.19453125 0.08671875 0.04296875 0.0578125
1 0.34140625 0.0796875 0.0484375 0.0578125
1 0.2953125 0.046875 0.03359375 0.0453125
1 0.296875 0.9859375 0.0359375 0.01953125
1 0.4 0.0421875 0.03125 0.05078125
1 0.39921875 0.98203125 0.03359375 0.0265625
1 0.453125 0.07109375 0.05078125 0.05078125
1 0.4890625 0.06015625 0.03125 0.0484375
1 0.53515625 0.0375 0.03125 0.0453125
1 0.53359375 0.98046875 0.03359375 0.02890625
1 0.571875 0.046875 0.04296875 0.05078125
1 0.5734375 0.984375 0.0453125 0.021875
1 0.62890625 0.06640625 0.0265625 0.0453125
1 0.6515625 0.0515625 0.03828125 0.05546875
1 0.65234375 0.9859375 0.040625 0.01953125
1 0.70078125 0.06484375 0.040625 0.0578125
1 0.79296875 0.046875 0.03828125 0.0453125
1 0.79453125 0.9859375 0.040625 0.01953125
1 0.93125 0.04921875 0.05078125 0.06015625
1 0.93046875 0.9828125 0.053125 0.02421875