1 0.3546875 0.30625 0.084375 0.11328125
1 0.61640625 0.2796875 0.07421875 0.1078125
1 0.54296875 0.3265625 0.1109375 0.14453125
0 0.8421875 0.3265625 0.2046875 0.22109375
0 0.4359375 0.34765625 0.07421875 0.0984375
0 0.046875 0.334375 0.07421875 0.10078125
0 0.11640625 0.3125 0.06484375 0.08203125
2 0.0953125 0.5734375 0.18984375 0.59375
2 0.3109375 0.55546875 0.19453125 0.60546875
2 0.41484375 0.546875 0.1421875 0.49296875
2 0.5359375 0.5609375 0.178125 0.61796875
2 0.6296875 0.51953125 0.125 0.60546875
2 0.86875 0.54453125 0.25234375 0.65625
2 0.72265625 0.5 0.30078125 0.73046875
0 0.7609375 0.20078125 0.09375 0.11796875
1 0.615625 0.0109375 0.0765625 0.021875
2 0.0953125 0.93515625 0.18984375 0.1203125
0 0.759375 0.053125 0.09609375 0.10546875