1 0.56015625 0.5453125 0.0484375 0.0671875
1 0.13125 0.5625 0.040625 0.0484375
1 0.0515625 0.53984375 0.0359375 0.0359375
1 0.08046875 0.56015625 0.0359375 0.0484375
1 0.225 0.55625 0.03125 0.0453125
1 0.27421875 0.5484375 0.03359375 0.0484375
1 0.3140625 0.5671875 0.0453125 0.0578125
1 0.3953125 0.54453125 0.0453125 0.05546875
1 0.51796875 0.5640625 0.0359375 0.05078125
1 0.49140625 0.54921875 0.03125 0.0453125
1 0.6359375 0.546875 0.0359375 0.0453125
1 0.67578125 0.546875 0.03359375 0.05078125
1 0.7171875 0.56015625 0.040625 0.053125
0 0.93359375 0.59765625 0.06953125 0.06953125
1 0.7984375 0.540625 0.0484375 0.053125
1 0.896875 0.53984375 0.03359375 0.0453125
1 0.96640625 0.5453125 0.0484375 0.0578125