1 0.853125 0.33671875 0.0671875 0.09140625
1 0.18125 0.32109375 0.06953125 0.0890625
1 0.64453125 0.359375 0.0484375 0.06484375
1 0.9125 0.37265625 0.0453125 0.0671875
1 0.3421875 0.33046875 0.05078125 0.0796875
1 0.44609375 0.334375 0.05078125 0.0765625
1 0.52734375 0.353125 0.0453125 0.053125
1 0.58046875 0.37109375 0.03125 0.0453125
1 0.7046875 0.38203125 0.03359375 0.0484375
1 0.271875 0.3578125 0.03359375 0.03359375
1 0.1796875 0.0140625 0.071875 0.028125
1 0.34140625 0.00703125 0.053125 0.0140625