1 0.5140625 0.40390625 0.053125 0.053125
1 0.71015625 0.46875 0.06015625 0.0625
1 0.90859375 0.39921875 0.071875 0.0671875
1 0.3703125 0.48203125 0.053125 0.06015625
1 0.665625 0.40390625 0.053125 0.0578125
1 0.5484375 0.4546875 0.0671875 0.0625
1 0.26953125 0.45546875 0.04296875 0.05078125
1 0.25703125 0.3765625 0.04296875 0.0453125
1 0.02890625 0.44453125 0.04296875 0.03359375
1 0.0453125 0.41484375 0.03359375 0.03125
1 0.10078125 0.4375 0.04296875 0.04296875
1 0.13125 0.39453125 0.040625 0.03359375
2 0.3765625 0.54921875 0.11328125 0.18984375
2 0.53515625 0.540625 0.1421875 0.21640625
2 0.68515625 0.54296875 0.134375 0.22109375
0 0.8328125 0.45078125 0.0796875 0.0796875
2 0.0359375 0.4984375 0.071875 0.1421875
2 0.12734375 0.49609375 0.09609375 0.1421875
2 0.2828125 0.5265625 0.103125 0.1828125
1 0.2046875 0.446875 0.03359375 0.04296875
2 0.2125 0.51796875 0.084375 0.18046875
2 0.27265625 0.3953125 0.09375 0.084375
1 0.19375 0.39296875 0.040625 0.0359375
2 0.19375 0.4046875 0.06953125 0.06484375
2 0.13828125 0.42890625 0.05078125 0.09375
2 0.0609375 0.4375 0.05546875 0.071875
2 0.8140625 0.53125 0.12265625 0.240625
2 0.5 0.415625 0.10546875 0.0765625
1 0.515625 0.02421875 0.05546875 0.0484375
1 0.909375 0.0296875 0.075 0.059375
1 0.66640625 0.025 0.0546875 0.05
1 0.25703125 0.04921875 0.04296875 0.0453125
1 0.046875 0.01328125 0.0359375 0.0265625
1 0.10234375 0.0046875 0.0453125 0.009375
1 0.13125 0.02890625 0.040625 0.03359375
2 0.375 0.95546875 0.115625 0.0796875
2 0.53359375 0.953125 0.14453125 0.084375
2 0.6859375 0.95078125 0.13671875 0.0890625
0 0.83203125 0.00703125 0.08203125 0.0140625
2 0.28125 0.96875 0.10546875 0.053125
2 0.21171875 0.9734375 0.08671875 0.04296875
2 0.271875 0.0359375 0.09609375 0.071875
1 0.19375 0.0328125 0.040625 0.0359375
2 0.1921875 0.0265625 0.071875 0.053125
2 0.13671875 0.021875 0.053125 0.04296875
2 0.06015625 0.01171875 0.0578125 0.0234375
2 0.8125 0.9515625 0.125 0.08671875
2 0.5015625 0.02421875 0.1078125 0.0484375