1 0.75234375 0.3109375 0.0765625 0.10625
1 0.60078125 0.35078125 0.0578125 0.06953125
1 0.21171875 0.33125 0.0578125 0.0796875
0 0.475 0.3359375 0.06953125 0.0984375
0 0.290625 0.346875 0.0578125 0.09609375
0 0.38828125 0.33125 0.0453125 0.06953125
0 0.81953125 0.34609375 0.0484375 0.06015625
0 0.9328125 0.359375 0.02421875 0.03359375
1 0.9203125 0.36015625 0.0140625 0.03125
1 0.75390625 0.0359375 0.0796875 0.071875
1 0.6015625 0.00703125 0.059375 0.0140625
1 0.2125 0.01953125 0.06015625 0.03828125
0 0.4734375 0.021875 0.071875 0.04375
0 0.2921875 0.015625 0.06015625 0.03125
0 0.38671875 0.0171875 0.0484375 0.03359375
0 0.8203125 0.00703125 0.05 0.0140625