1 0.08515625 0.33515625 0.0453125 0.05546875
0 0.18125 0.31640625 0.05078125 0.05078125
0 0.303125 0.30390625 0.0578125 0.06015625
0 0.23046875 0.328125 0.03828125 0.0453125
0 0.41796875 0.328125 0.04296875 0.0453125
0 0.47265625 0.33671875 0.03125 0.03359375
0 0.56953125 0.28125 0.08203125 0.08671875
0 0.609375 0.29296875 0.040625 0.0484375
0 0.87265625 0.33515625 0.1109375 0.11328125
1 0.084375 0.015625 0.0484375 0.03125
0 0.18046875 0.02421875 0.053125 0.0484375
0 0.303125 0.03515625 0.0578125 0.06015625
0 0.23203125 0.0171875 0.040625 0.03359375
0 0.41953125 0.0171875 0.0453125 0.03359375
0 0.4703125 0.009375 0.034375 0.01875
0 0.56953125 0.05546875 0.08203125 0.08671875
0 0.609375 0.04296875 0.040625 0.0484375
0 0.87265625 0.0296875 0.1140625 0.059375