1 0.8125 0.459375 0.0484375 0.0671875
1 0.57578125 0.4390625 0.0453125 0.06953125
0 0.93046875 0.4671875 0.09609375 0.12265625
0 0.2828125 0.46484375 0.05078125 0.06953125
0 0.4796875 0.4640625 0.05546875 0.0671875
0 0.3421875 0.46640625 0.03125 0.03828125
0 0.0734375 0.484375 0.05546875 0.05546875
1 0.17578125 0.475 0.03828125 0.040625
1 0.640625 0.46015625 0.0265625 0.0453125
1 0.66484375 0.4625 0.0265625 0.040625
1 0.61640625 0.46015625 0.021875 0.040625
0 0.5296875 0.4625 0.021875 0.0453125
0 0.4359375 0.45546875 0.03125 0.0359375
0 0.384375 0.47578125 0.02890625 0.03359375