0 0.115625 0.40234375 0.03828125 0.053125
0 0.25390625 0.3828125 0.0453125 0.0578125
0 0.06875 0.41484375 0.0359375 0.03828125
0 0.15625 0.38203125 0.03828125 0.05546875
0 0.321875 0.375 0.02890625 0.0359375
0 0.35 0.390625 0.0453125 0.0484375
0 0.41953125 0.3890625 0.0453125 0.05546875
0 0.52890625 0.3953125 0.03828125 0.0484375
0 0.56015625 0.3796875 0.03359375 0.05078125
0 0.5953125 0.39375 0.0453125 0.05078125
0 0.74296875 0.39140625 0.03359375 0.04609375
0 0.725 0.37109375 0.0265625 0.0484375
0 0.8765625 0.37734375 0.0359375 0.04609375
0 0.98046875 0.36875 0.02421875 0.0625