1 0.334375 0.56953125 0.0578125 0.075
1 0.55546875 0.2625 0.0625 0.0625
0 0.68359375 0.21796875 0.06953125 0.084375
0 0.64296875 0.253125 0.09375 0.1015625
0 0.740625 0.25390625 0.0765625 0.084375
0 0.78984375 0.19765625 0.06484375 0.0625
0 0.87265625 0.215625 0.0578125 0.0890625
0 0.93984375 0.1953125 0.09140625 0.0578125
1 0.55546875 0.06484375 0.0625 0.0625
0 0.68359375 0.11171875 0.06953125 0.084375
0 0.64296875 0.075 0.09375 0.1015625
0 0.740625 0.07578125 0.0765625 0.084375
0 0.78984375 0.13046875 0.06484375 0.0625
0 0.87265625 0.11484375 0.0578125 0.0890625
0 0.93984375 0.1328125 0.09140625 0.0578125