1 0.37734375 0.4375 0.0578125 0.0671875
1 0.4984375 0.4359375 0.05078125 0.06953125
1 0.2296875 0.47265625 0.05078125 0.06953125
1 0.9390625 0.475 0.0453125 0.06953125
0 0.834375 0.4640625 0.053125 0.0625
0 0.14453125 0.4703125 0.053125 0.06953125
0 0.6515625 0.446875 0.04296875 0.0578125
1 0.3140625 0.45546875 0.0359375 0.05546875
0 0.53125 0.4515625 0.03359375 0.053125
0 0.73046875 0.4703125 0.03359375 0.040625
0 0.4515625 0.459375 0.02890625 0.04296875
0 0.60546875 0.4515625 0.03828125 0.03828125