1 0.17578125 0.30625 0.1734375 0.1734375
1 0.73203125 0.359375 0.146875 0.1640625
1 0.6046875 0.3953125 0.11328125 0.13046875
1 0.3015625 0.31171875 0.11796875 0.1421875
1 0.0890625 0.325 0.0578125 0.07265625
1 0.70078125 0.3 0.11796875 0.10390625
1 0.96015625 0.33359375 0.06953125 0.22890625
1 0.17578125 0.12734375 0.1734375 0.1734375
1 0.73046875 0.0796875 0.14921875 0.159375
1 0.603125 0.053125 0.115625 0.10625
1 0.3015625 0.12421875 0.11796875 0.1421875
1 0.0890625 0.10859375 0.0578125 0.07265625
1 0.70078125 0.1359375 0.11796875 0.10390625
1 0.959375 0.10859375 0.071875 0.2171875