1 0.66796875 0.45390625 0.1203125 0.11796875
1 0.77265625 0.20859375 0.13203125 0.1328125
1 0.64921875 0.56875 0.10546875 0.115625
1 0.6859375 0.7015625 0.12734375 0.13046875
1 0.61875 0.225 0.12265625 0.1421875
2 0.2359375 0.4953125 0.4515625 0.70625
2 0.6234375 0.7515625 0.271875 0.20234375
2 0.634375 0.590625 0.22109375 0.14921875
2 0.796875 0.625 0.36796875 0.440625
2 0.52734375 0.30703125 0.30546875 0.3203125
2 0.72109375 0.26953125 0.23046875 0.26015625
1 0.1546875 0.2109375 0.24765625 0.1375
1 0.77265625 0.0734375 0.13203125 0.1328125
1 0.68515625 0.97109375 0.1296875 0.0484375
1 0.61796875 0.0640625 0.125 0.12734375
2 0.23671875 0.06953125 0.4546875 0.1390625
2 0.62265625 0.92734375 0.27421875 0.13515625
2 0.7953125 0.93125 0.3703125 0.12734375
2 0.52578125 0.0671875 0.3078125 0.134375
2 0.72265625 0.07109375 0.2328125 0.1421875
1 0.1546875 0.07109375 0.24765625 0.1375