1 0.728125 0.62734375 0.0578125 0.071875
1 0.5578125 0.50390625 0.03828125 0.05078125
1 0.61328125 0.484375 0.03828125 0.0453125
0 0.02890625 0.63359375 0.04296875 0.0453125
0 0.12109375 0.63125 0.0453125 0.05078125
0 0.1921875 0.58203125 0.04296875 0.04296875
0 0.4078125 0.38359375 0.0265625 0.0265625
0 0.37265625 0.5328125 0.03359375 0.0359375
0 0.82578125 0.4734375 0.0359375 0.03828125
0 0.25 0.5453125 0.03359375 0.03359375
0 0.2125 0.52890625 0.0359375 0.03828125
0 0.31875 0.5375 0.0359375 0.040625
0 0.2828125 0.50625 0.040625 0.0359375
0 0.421875 0.51171875 0.040625 0.03359375
0 0.384375 0.48203125 0.03828125 0.040625
0 0.44921875 0.459375 0.03359375 0.03359375
0 0.56015625 0.42578125 0.03359375 0.03828125
0 0.66015625 0.396875 0.03125 0.03359375
0 0.3375 0.51328125 0.03125 0.040625
0 0.196875 0.3546875 0.02421875 0.03125