1 0.521875 0.70078125 0.03828125 0.0359375
1 0.5765625 0.68515625 0.03359375 0.03828125
1 0.640625 0.69453125 0.040625 0.0484375
0 0.68046875 0.7609375 0.0578125 0.05078125
2 0.6828125 0.77890625 0.134375 0.09140625
2 0.50703125 0.75 0.0671875 0.14921875
2 0.57421875 0.7453125 0.0765625 0.15859375
2 0.646875 0.74140625 0.071875 0.13203125
1 0.521875 0.95546875 0.03828125 0.0359375
1 0.5765625 0.96875 0.03359375 0.03828125
1 0.640625 0.959375 0.040625 0.0484375
0 0.68046875 0.8953125 0.0578125 0.05078125
2 0.6828125 0.875 0.134375 0.09140625
2 0.50703125 0.90390625 0.0671875 0.14921875
2 0.57421875 0.90859375 0.0765625 0.15859375
2 0.646875 0.91484375 0.071875 0.13203125