1 0.0328125 0.4234375 0.06015625 0.0765625
0 0.9546875 0.478125 0.08203125 0.115625
0 0.2234375 0.4390625 0.0578125 0.06953125
0 0.5515625 0.41953125 0.0453125 0.06953125
0 0.47265625 0.415625 0.05546875 0.053125
0 0.3234375 0.4125 0.0453125 0.06953125
0 0.15 0.4015625 0.0453125 0.053125
1 0.2640625 0.38671875 0.03828125 0.0484375
0 0.25703125 0.4109375 0.03359375 0.04296875
0 0.39453125 0.40390625 0.03359375 0.053125
0 0.446875 0.39921875 0.03359375 0.0578125
0 0.6234375 0.40234375 0.0453125 0.05546875
0 0.51328125 0.3890625 0.03125 0.03828125