0 0.94375 0.43125 0.06484375 0.08203125
0 0.6 0.48515625 0.13203125 0.1421875
0 0.87109375 0.4671875 0.07421875 0.07265625
0 0.70078125 0.4375 0.05546875 0.06484375
0 0.0640625 0.421875 0.09375 0.08203125
0 0.80859375 0.459375 0.0890625 0.0984375
0 0.265625 0.4828125 0.13203125 0.1421875
0 0.521875 0.38046875 0.0484375 0.0671875
0 0.17890625 0.43515625 0.084375 0.084375
0 0.04921875 0.37734375 0.06015625 0.05546875
0 0.16796875 0.3625 0.04296875 0.040625
0 0.33203125 0.3953125 0.02890625 0.03828125
0 0.4265625 0.390625 0.0453125 0.0484375
0 0.61328125 0.4109375 0.0578125 0.05078125
0 0.94140625 0.02265625 0.0671875 0.0453125
0 0.69921875 0.015625 0.0578125 0.03125
0 0.06171875 0.02734375 0.0953125 0.0546875
0 0.8078125 0.01328125 0.09140625 0.0265625
0 0.521875 0.053125 0.0484375 0.0671875
0 0.178125 0.021875 0.08671875 0.04375
0 0.04921875 0.059375 0.06015625 0.05546875
0 0.16796875 0.0734375 0.04296875 0.040625
0 0.33203125 0.03828125 0.02890625 0.03828125
0 0.4265625 0.04375 0.0453125 0.0484375
0 0.61328125 0.025 0.0578125 0.05