1 0.240625 0.446875 0.0671875 0.0765625
1 0.71015625 0.42890625 0.06015625 0.0796875
1 0.5765625 0.46171875 0.0578125 0.08671875
1 0.078125 0.41484375 0.103125 0.1078125
1 0.14765625 0.3734375 0.13671875 0.1421875
1 0.03984375 0.42890625 0.06953125 0.084375
1 0.8484375 0.43359375 0.09609375 0.103125
1 0.45078125 0.43515625 0.06015625 0.0765625
1 0.29453125 0.446875 0.05078125 0.0625
1 0.709375 0.01328125 0.0625 0.0265625
1 0.07578125 0.02734375 0.1046875 0.0546875
1 0.14609375 0.05625 0.1390625 0.1125
1 0.0375 0.0140625 0.071875 0.028125
1 0.85 0.0171875 0.0984375 0.03359375
1 0.4484375 0.009375 0.0625 0.01875