1 0.6625 0.35078125 0.06484375 0.084375
0 0.225 0.3265625 0.06484375 0.0890625
0 0.5484375 0.3578125 0.071875 0.0890625
0 0.7921875 0.3578125 0.11328125 0.1328125
0 0.290625 0.3359375 0.071875 0.09375
0 0.3890625 0.290625 0.09609375 0.12265625
0 0.9359375 0.359375 0.09375 0.115625
0 0.475 0.36640625 0.05078125 0.0671875
0 0.74296875 0.37265625 0.0578125 0.10390625
1 0.6609375 0.0109375 0.0671875 0.021875
0 0.2234375 0.02421875 0.0671875 0.0484375
0 0.54921875 0.00859375 0.07421875 0.0171875
0 0.790625 0.01953125 0.115625 0.03828125
0 0.2921875 0.0203125 0.07421875 0.040625
0 0.390625 0.05078125 0.0984375 0.1015625
0 0.93515625 0.01484375 0.09609375 0.02890625