1 0.91328125 0.353125 0.0671875 0.08203125
1 0.5953125 0.3703125 0.040625 0.053125
0 0.78515625 0.4 0.06484375 0.0796875
0 0.45703125 0.3609375 0.0671875 0.08203125
0 0.04453125 0.35546875 0.0796875 0.09140625
0 0.3546875 0.36875 0.05546875 0.07421875
0 0.6515625 0.4046875 0.0578125 0.07421875
0 0.10703125 0.38203125 0.05078125 0.0671875
1 0.6265625 0.36875 0.0359375 0.05546875
1 0.22734375 0.35234375 0.040625 0.05546875
1 0.2765625 0.36328125 0.04296875 0.0578125
1 0.41328125 0.334375 0.04296875 0.0625
1 0.31640625 0.34140625 0.05546875 0.0671875