1 0.3125 0.44921875 0.0578125 0.053125
1 0.21875 0.4515625 0.053125 0.0625
0 0.26171875 0.475 0.053125 0.06015625
0 0.4234375 0.46015625 0.04296875 0.0453125
0 0.56484375 0.46640625 0.03359375 0.04296875
0 0.53515625 0.44140625 0.0359375 0.040625
0 0.49765625 0.44609375 0.02890625 0.0359375
0 0.2875 0.4671875 0.03125 0.05078125
1 0.58671875 0.4390625 0.03359375 0.0453125
1 0.71171875 0.453125 0.04296875 0.05078125
1 0.78359375 0.4484375 0.03828125 0.0453125
0 0.66015625 0.46484375 0.0453125 0.0453125
0 0.7640625 0.49375 0.053125 0.05546875
0 0.88125 0.4625 0.03125 0.0359375
0 0.95703125 0.4671875 0.03359375 0.0359375