1 0.58515625 0.75703125 0.0578125 0.0765625
1 0.38203125 0.7296875 0.0359375 0.05078125
1 0.453125 0.7484375 0.02890625 0.05078125
1 0.52890625 0.28984375 0.0265625 0.03125
0 0.23046875 0.7171875 0.021875 0.0265625
0 0.309375 0.728125 0.021875 0.02421875
0 0.19296875 0.70078125 0.01953125 0.0265625
0 0.2671875 0.72734375 0.01953125 0.021875
0 0.2515625 0.70703125 0.0171875 0.01953125
0 0.2953125 0.7171875 0.0171875 0.021875
0 0.32890625 0.7203125 0.0171875 0.0265625
0 0.34609375 0.71484375 0.021875 0.0265625
0 0.47265625 0.725 0.01953125 0.0171875
0 0.53125 0.728125 0.0171875 0.02421875
0 0.69140625 0.7390625 0.01953125 0.021875
0 0.4421875 0.7234375 0.0171875 0.01953125
0 0.1 0.7171875 0.021875 0.0265625
0 0.0203125 0.728125 0.021875 0.02421875
0 0.13515625 0.70078125 0.01953125 0.0265625
0 0.06015625 0.72734375 0.01953125 0.021875
0 0.078125 0.70703125 0.0171875 0.01953125
0 0.03515625 0.7171875 0.0171875 0.021875
0 0.0046875 0.71875 0.009375 0.02890625
0 0.97109375 0.7390625 0.01953125 0.021875