0 0.87890625 0.41484375 0.084375 0.08671875
0 0.64765625 0.41171875 0.05546875 0.07265625
0 0.53359375 0.4265625 0.0625 0.07265625
0 0.76796875 0.4109375 0.06015625 0.06484375
0 0.59140625 0.4265625 0.0484375 0.0625
0 0.31015625 0.4203125 0.0484375 0.06484375
0 0.1875 0.43828125 0.053125 0.0671875
0 0.02421875 0.46015625 0.0484375 0.07265625
0 0.26171875 0.44375 0.0484375 0.0578125
0 0.34609375 0.4328125 0.04296875 0.05546875
0 0.40234375 0.425 0.040625 0.04609375
0 0.96484375 0.41328125 0.03125 0.04609375
0 0.6828125 0.4171875 0.03359375 0.0484375
0 0.7203125 0.421875 0.03125 0.0484375
0 0.87734375 0.03515625 0.08671875 0.06953125
0 0.646875 0.0328125 0.0578125 0.06484375
0 0.534375 0.025 0.065625 0.05
0 0.7671875 0.03125 0.0625 0.0625
0 0.59140625 0.02265625 0.0515625 0.0453125
0 0.3109375 0.0265625 0.05078125 0.053125
0 0.1890625 0.01796875 0.05546875 0.0359375
0 0.025 0.00859375 0.05 0.0171875
0 0.26328125 0.01328125 0.05078125 0.0265625
0 0.34765625 0.01796875 0.0453125 0.0359375
0 0.4015625 0.01953125 0.04296875 0.03828125
0 0.96484375 0.02734375 0.03125 0.04609375
0 0.68203125 0.02265625 0.0328125 0.0453125
0 0.71875 0.021875 0.03359375 0.04375