1 0.1390625 0.41328125 0.115625 0.1421875
1 0.740625 0.4265625 0.0671875 0.08671875
1 0.47109375 0.440625 0.09140625 0.09140625
1 0.62109375 0.43359375 0.07421875 0.1015625
1 0.8375 0.4484375 0.05078125 0.0671875
1 0.27734375 0.42890625 0.05078125 0.09609375
1 0.35 0.425 0.06953125 0.0984375
1 0.91328125 0.45546875 0.09609375 0.1109375
1 0.428125 0.459375 0.04296875 0.075
1 0.8640625 0.46484375 0.05546875 0.07734375
1 0.70078125 0.46640625 0.05546875 0.05546875
1 0.140625 0.046875 0.11796875 0.09375
1 0.74140625 0.0265625 0.06953125 0.053125
1 0.47265625 0.0203125 0.09375 0.040625
1 0.6203125 0.0265625 0.0765625 0.053125
1 0.83671875 0.0109375 0.053125 0.021875
1 0.2765625 0.02734375 0.053125 0.0546875
1 0.3484375 0.03046875 0.071875 0.06015625
1 0.91484375 0.01796875 0.0984375 0.0359375
1 0.42890625 0.00703125 0.0453125 0.0140625