1 0.7640625 0.3125 0.053125 0.0578125
0 0.78125 0.384375 0.071875 0.09140625
0 0.2484375 0.35078125 0.06484375 0.10078125
0 0.16796875 0.390625 0.10078125 0.11796875
0 0.8796875 0.3484375 0.0578125 0.0625
0 0.7125 0.34375 0.05078125 0.0625
0 0.959375 0.47265625 0.0578125 0.13203125
0 0.96484375 0.3390625 0.0453125 0.0578125
0 0.9375 0.328125 0.03828125 0.0453125
1 0.76484375 0.02734375 0.0546875 0.0546875
0 0.24765625 0.01953125 0.0671875 0.03828125
0 0.88125 0.0109375 0.06015625 0.021875
0 0.71171875 0.01328125 0.053125 0.0265625
0 0.96328125 0.0140625 0.0484375 0.028125
0 0.9390625 0.0171875 0.040625 0.03359375