1 0.59609375 0.37265625 0.1109375 0.1296875
1 0.85 0.421875 0.06953125 0.084375
1 0.15234375 0.421875 0.0796875 0.0984375
1 0.0953125 0.415625 0.05078125 0.0671875
1 0.771875 0.4 0.053125 0.06953125
1 0.3953125 0.446875 0.0984375 0.15859375
1 0.9546875 0.390625 0.053125 0.1078125
1 0.45078125 0.396875 0.03125 0.0484375
1 0.71875 0.421875 0.04296875 0.0453125
1 0.6921875 0.4046875 0.02421875 0.03125
0 0.5046875 0.390625 0.03359375 0.0453125
1 0.596875 0.0609375 0.1125 0.121875
1 0.8484375 0.025 0.071875 0.05
1 0.1515625 0.02890625 0.08203125 0.0578125
1 0.09375 0.02421875 0.053125 0.0484375
1 0.77265625 0.0328125 0.05546875 0.06484375
1 0.39453125 0.03125 0.10078125 0.0625
1 0.95546875 0.046875 0.05546875 0.09375
1 0.45078125 0.03125 0.03125 0.0484375
1 0.7203125 0.015625 0.0453125 0.03125
1 0.6921875 0.025 0.02421875 0.03125
0 0.5046875 0.03984375 0.03359375 0.0453125