1 0.4390625 0.36640625 0.11796875 0.1421875
1 0.59609375 0.39296875 0.08203125 0.0984375
1 0.80390625 0.33984375 0.084375 0.11328125
1 0.08046875 0.41484375 0.0984375 0.11796875
1 0.2015625 0.40859375 0.09140625 0.115625
1 0.7359375 0.3296875 0.115625 0.1390625
1 0.52734375 0.41015625 0.06484375 0.07421875
1 0.375 0.38203125 0.08671875 0.115625
1 0.92421875 0.22734375 0.1421875 0.12265625
2 0.07109375 0.59140625 0.13671875 0.45703125
2 0.21640625 0.58984375 0.14453125 0.4640625
2 0.35 0.578125 0.13203125 0.49296875
2 0.4359375 0.56484375 0.31953125 0.51953125
2 0.62890625 0.584375 0.12265625 0.47578125
2 0.7765625 0.5453125 0.22109375 0.5578125
2 0.92421875 0.4953125 0.1421875 0.65859375
1 0.4375 0.0171875 0.1203125 0.03359375
1 0.803125 0.02265625 0.08671875 0.0453125
1 0.73671875 0.03515625 0.11796875 0.06953125
1 0.92421875 0.10234375 0.1421875 0.12265625
2 0.06953125 0.91484375 0.1390625 0.1609375
2 0.2171875 0.91328125 0.146875 0.16328125
2 0.3484375 0.9125 0.134375 0.165625
2 0.43515625 0.9125 0.321875 0.165625
2 0.62734375 0.91328125 0.125 0.16328125
2 0.77734375 0.9125 0.2234375 0.165625
2 0.9234375 0.08203125 0.14453125 0.16328125
2 0.9234375 0.9125 0.14453125 0.165625