1 0.52265625 0.43359375 0.06484375 0.07421875
1 0.646875 0.44609375 0.115625 0.11796875
1 0.43984375 0.47265625 0.0484375 0.06015625
1 0.3921875 0.4640625 0.03828125 0.0484375
1 0.36875 0.48046875 0.03125 0.02421875
1 0.3375 0.4796875 0.021875 0.021875
2 0.72265625 0.6140625 0.2765625 0.4203125
2 0.5515625 0.6109375 0.1515625 0.4234375
2 0.46171875 0.6203125 0.09140625 0.3703125
2 0.40390625 0.5984375 0.0625 0.3078125
2 0.3640625 0.56015625 0.040625 0.1875
2 0.33671875 0.5375 0.03359375 0.13671875
2 0.72109375 0.9125 0.27890625 0.165625
2 0.55078125 0.91328125 0.15390625 0.16328125
2 0.4625 0.921875 0.09375 0.146875
2 0.4046875 0.9484375 0.06484375 0.09375