1 0.103125 0.44609375 0.10546875 0.12265625
1 0.9328125 0.49765625 0.04296875 0.04296875
1 0.88671875 0.49609375 0.03359375 0.040625
1 0.36640625 0.46484375 0.06953125 0.09375
1 0.41484375 0.47578125 0.0453125 0.071875
1 0.4640625 0.4828125 0.04296875 0.0578125
1 0.4953125 0.4671875 0.03828125 0.06015625
1 0.6 0.4984375 0.040625 0.0453125
1 0.65 0.49609375 0.0359375 0.0453125
1 0.7234375 0.49140625 0.03828125 0.05078125
1 0.78515625 0.50390625 0.021875 0.03125
1 0.84375 0.4953125 0.03359375 0.04296875
1 0.81875 0.49296875 0.021875 0.03828125
0 0.5625 0.48203125 0.02890625 0.040625
0 0.51328125 0.49296875 0.0265625 0.03359375