1 0.94453125 0.26796875 0.09609375 0.12734375
1 0.78515625 0.265625 0.09375 0.11328125
1 0.16484375 0.29453125 0.11796875 0.1515625
1 0.896875 0.52734375 0.178125 0.209375
1 0.68046875 0.46640625 0.08671875 0.09609375
1 0.05078125 0.3125 0.09140625 0.115625
1 0.41328125 0.30625 0.0765625 0.1078125
1 0.83046875 0.46875 0.1078125 0.1296875
1 0.6828125 0.30859375 0.0625 0.07421875
1 0.5015625 0.29296875 0.05078125 0.071875
1 0.59765625 0.3375 0.05078125 0.06953125
1 0.54921875 0.3125 0.0453125 0.0625
1 0.94609375 0.0453125 0.0984375 0.090625
1 0.7828125 0.04296875 0.096875 0.0859375
1 0.16328125 0.03828125 0.1203125 0.0765625
1 0.0515625 0.0203125 0.09375 0.040625
1 0.41484375 0.021875 0.0796875 0.04296875
1 0.6828125 0.01171875 0.065625 0.0234375
1 0.5 0.01953125 0.053125 0.03828125
1 0.5484375 0.00703125 0.0484375 0.0140625