1 0.678125 0.36171875 0.08203125 0.0984375
1 0.7546875 0.4171875 0.08203125 0.1078125
1 0.5828125 0.44375 0.06953125 0.0890625
1 0.12265625 0.43125 0.0578125 0.06953125
1 0.39453125 0.40234375 0.0578125 0.07421875
1 0.26953125 0.421875 0.0578125 0.06484375
1 0.52734375 0.4015625 0.05078125 0.0671875
1 0.334375 0.4265625 0.0484375 0.06015625
1 0.48046875 0.4109375 0.03828125 0.0484375
1 0.0578125 0.446875 0.03359375 0.04296875
1 0.678125 0.04921875 0.08203125 0.0984375
1 0.75625 0.02421875 0.084375 0.0484375
1 0.1234375 0.00703125 0.06015625 0.0140625
1 0.3953125 0.02265625 0.06015625 0.0453125
1 0.2703125 0.0109375 0.06015625 0.021875
1 0.5265625 0.021875 0.053125 0.04296875
1 0.33515625 0.00703125 0.05078125 0.0140625
1 0.48125 0.01171875 0.040625 0.0234375