1 0.1859375 0.4625 0.05078125 0.06953125
1 0.1234375 0.47578125 0.0359375 0.0484375
1 0.321875 0.4796875 0.0625 0.0796875
1 0.36640625 0.4515625 0.05078125 0.0625
1 0.478125 0.4671875 0.03828125 0.05078125
1 0.52265625 0.46484375 0.0453125 0.06015625
1 0.5640625 0.4546875 0.0359375 0.0484375
1 0.6078125 0.453125 0.0625 0.07421875
1 0.7296875 0.44375 0.06953125 0.0796875
1 0.77421875 0.45546875 0.03828125 0.05078125
1 0.84140625 0.44921875 0.03359375 0.053125
1 0.88359375 0.44140625 0.0453125 0.06484375
1 0.9484375 0.44609375 0.06015625 0.06953125
1 0.98671875 0.4421875 0.0171875 0.053125