0 0.7796875 0.4421875 0.06015625 0.08671875
0 0.66953125 0.4515625 0.07421875 0.09140625
0 0.94921875 0.475 0.08203125 0.15625
0 0.57421875 0.43046875 0.04296875 0.0578125
0 0.87109375 0.45078125 0.05546875 0.06015625
0 0.5171875 0.4515625 0.03359375 0.04296875
1 0.29296875 0.4484375 0.04296875 0.0453125
1 0.3578125 0.44140625 0.02890625 0.0359375
1 0.38203125 0.42890625 0.03359375 0.0359375
0 0.4234375 0.446875 0.03828125 0.053125
0 0.49296875 0.44453125 0.02890625 0.0484375
0 0.19609375 0.4359375 0.0359375 0.05546875
0 0.16953125 0.4421875 0.0265625 0.03359375