1 0.63203125 0.4578125 0.04296875 0.03828125
1 0.69609375 0.440625 0.040625 0.03828125
1 0.25234375 0.2109375 0.02890625 0.0265625
1 0.04296875 0.18828125 0.03359375 0.03359375
1 0.10234375 0.18671875 0.0265625 0.03125
1 0.5765625 0.421875 0.03359375 0.03359375
1 0.584375 0.38515625 0.03359375 0.03359375
1 0.59140625 0.30703125 0.01953125 0.03125
1 0.6421875 0.37265625 0.03359375 0.03125
1 0.25234375 0.11953125 0.02890625 0.0265625
1 0.04296875 0.13984375 0.03359375 0.03359375
1 0.10234375 0.14375 0.0265625 0.03125
1 0.59140625 0.02265625 0.01953125 0.03125