1 0.334375 0.3796875 0.14921875 0.196875
1 0.62734375 0.30859375 0.16328125 0.19921875
1 0.50703125 0.36328125 0.115625 0.15390625
1 0.84609375 0.2609375 0.16796875 0.19921875
1 0.89453125 0.41796875 0.196875 0.4515625
1 0.103125 0.3625 0.20625 0.3375
1 0.33515625 0.01953125 0.1515625 0.03828125
1 0.62890625 0.05546875 0.165625 0.1109375
1 0.50859375 0.0171875 0.11796875 0.03359375
1 0.84765625 0.0796875 0.1703125 0.15859375
1 0.8953125 0.0640625 0.19921875 0.12734375
1 0.1046875 0.0625 0.209375 0.125