1 0.9390625 0.36875 0.11328125 0.13515625
1 0.73828125 0.40234375 0.10546875 0.1203125
1 0.30546875 0.56640625 0.0671875 0.07734375
0 0.1984375 0.4015625 0.07421875 0.09375
0 0.38203125 0.39296875 0.08203125 0.1015625
0 0.5734375 0.38671875 0.0796875 0.10390625
0 0.51171875 0.40625 0.0671875 0.09375
0 0.02890625 0.4109375 0.0578125 0.10859375
0 0.165625 0.4421875 0.04296875 0.06953125
1 0.80625 0.59296875 0.06015625 0.08203125
0 0.88359375 0.41171875 0.06484375 0.10625
1 0.9375 0.0484375 0.115625 0.09609375
1 0.73828125 0.02734375 0.1078125 0.0546875
0 0.196875 0.021875 0.0765625 0.04375
0 0.3828125 0.02734375 0.084375 0.0546875
0 0.571875 0.03125 0.08203125 0.0625
0 0.51328125 0.01953125 0.06953125 0.03828125
0 0.0296875 0.0203125 0.059375 0.040625
1 0.80546875 0.9796875 0.0625 0.03125
0 0.88203125 0.01953125 0.0671875 0.03828125