1 0.19609375 0.40859375 0.05546875 0.06484375
1 0.3546875 0.41328125 0.05078125 0.05546875
1 0.5953125 0.4046875 0.0453125 0.0578125
1 0.46484375 0.4203125 0.040625 0.05078125
1 0.24375 0.415625 0.040625 0.05078125
1 0.5578125 0.415625 0.03359375 0.05078125
1 0.6390625 0.421875 0.04296875 0.0484375
1 0.40859375 0.43046875 0.02890625 0.040625
1 0.3765625 0.4203125 0.0265625 0.040625
0 0.29453125 0.43046875 0.03125 0.040625
0 0.02265625 0.44453125 0.0453125 0.1421875
1 0.19453125 0.03046875 0.0578125 0.06015625
1 0.353125 0.025 0.053125 0.05
1 0.5953125 0.02890625 0.0453125 0.0578125
1 0.4640625 0.0203125 0.04296875 0.040625
1 0.2421875 0.02265625 0.04375 0.0453125
1 0.55859375 0.02265625 0.0359375 0.0453125
1 0.640625 0.01953125 0.0453125 0.03828125
1 0.41015625 0.01328125 0.03125 0.0265625
1 0.375 0.01796875 0.02890625 0.0359375
0 0.29296875 0.01328125 0.03359375 0.0265625
0 0.02265625 0.03125 0.0453125 0.0625