1 0.37734375 0.36015625 0.115625 0.1421875
1 0.134375 0.346875 0.0765625 0.08203125
1 0.23046875 0.34375 0.09609375 0.0984375
1 0.49609375 0.29375 0.0453125 0.0578125
1 0.8703125 0.4109375 0.16796875 0.2046875
1 0.603125 0.32421875 0.0484375 0.04609375
1 0.91796875 0.284375 0.03359375 0.03359375
1 0.37890625 0.0203125 0.11796875 0.040625
1 0.13515625 0.01171875 0.0796875 0.0234375
1 0.23203125 0.01796875 0.0984375 0.0359375
1 0.49609375 0.03359375 0.0453125 0.0578125
1 0.6046875 0.01484375 0.05078125 0.02890625
1 0.91796875 0.04375 0.03359375 0.03359375