1 0.8125 0.43984375 0.0625 0.08671875
1 0.9328125 0.4546875 0.0625 0.0765625
1 0.2859375 0.4375 0.0765625 0.0671875
1 0.6296875 0.45703125 0.0484375 0.0671875
1 0.54921875 0.4671875 0.05546875 0.06953125
1 0.44140625 0.43984375 0.05078125 0.0671875
1 0.37734375 0.4671875 0.04296875 0.06484375
0 0.7546875 0.46171875 0.03828125 0.0578125
1 0.69140625 0.46171875 0.040625 0.0625
1 0.8734375 0.459375 0.05078125 0.0625
1 0.3234375 0.453125 0.03125 0.06484375
1 0.58046875 0.47578125 0.0265625 0.0578125