1 0.7921875 0.35078125 0.2046875 0.2359375
1 0.375 0.28515625 0.1875 0.21875
1 0.48046875 0.39921875 0.1109375 0.134375
1 0.63125 0.42578125 0.15625 0.16328125
1 0.16484375 0.37265625 0.146875 0.1296875
1 0.04453125 0.33984375 0.07421875 0.0890625
1 0.1734375 0.30390625 0.10546875 0.0984375
1 0.06875 0.2953125 0.05078125 0.0578125
1 0.78984375 0.04296875 0.2078125 0.0859375
1 0.37578125 0.071875 0.1890625 0.14375
1 0.04296875 0.01171875 0.0765625 0.0234375
1 0.17421875 0.0328125 0.1078125 0.06484375
1 0.0671875 0.0265625 0.053125 0.053125