1 0.4953125 0.21484375 0.0765625 0.0890625
1 0.7671875 0.46015625 0.0765625 0.07421875
1 0.33671875 0.25 0.0625 0.08203125
1 0.04296875 0.35546875 0.0484375 0.0578125
1 0.21640625 0.36640625 0.0578125 0.06015625
1 0.946875 0.37890625 0.03359375 0.040625
1 0.9640625 0.27890625 0.02890625 0.03828125
1 0.90234375 0.3390625 0.03125 0.03828125
0 0.11328125 0.3484375 0.0578125 0.0625
0 0.7046875 0.334375 0.03359375 0.03359375
0 0.77890625 0.37734375 0.03828125 0.03359375
0 0.6390625 0.3421875 0.02890625 0.0359375
1 0.49609375 0.03828125 0.0796875 0.0765625
1 0.3375 0.01953125 0.06484375 0.03828125