1 0.15234375 0.3734375 0.06953125 0.08671875
1 0.23671875 0.36875 0.1421875 0.18828125
1 0.74765625 0.34375 0.15859375 0.18515625
1 0.478125 0.3734375 0.1109375 0.13046875
1 0.3125 0.36171875 0.0765625 0.125
1 0.05625 0.34609375 0.1125 0.3328125
1 0.6765625 0.3578125 0.06015625 0.12734375
0 0.92421875 0.3421875 0.09375 0.10625
1 0.2359375 0.03046875 0.14453125 0.06015625
1 0.7484375 0.0421875 0.1609375 0.084375
1 0.4796875 0.01328125 0.11328125 0.0265625
1 0.3140625 0.01796875 0.0796875 0.0359375
1 0.0578125 0.07734375 0.115625 0.15390625
1 0.67578125 0.0203125 0.0625 0.040625
0 0.92265625 0.02265625 0.0953125 0.0453125