1 0.03984375 0.40625 0.0453125 0.075
1 0.17890625 0.46640625 0.06015625 0.075
1 0.85703125 0.4578125 0.06015625 0.053125
1 0.1765625 0.20703125 0.040625 0.053125
1 0.2125 0.3625 0.0453125 0.06015625
1 0.83046875 0.315625 0.0453125 0.053125
1 0.96171875 0.3 0.0625 0.05546875
1 0.22578125 0.20234375 0.03828125 0.0484375
1 0.3890625 0.24375 0.0484375 0.053125
0 0.6453125 0.378125 0.0453125 0.053125
0 0.83515625 0.60859375 0.06015625 0.04609375
0 0.7046875 0.24609375 0.0484375 0.0484375
1 0.1765625 0.1203125 0.040625 0.053125
1 0.8296875 0.0203125 0.0484375 0.040625
1 0.96171875 0.03046875 0.0625 0.05546875
1 0.22578125 0.125 0.03828125 0.0484375
1 0.3890625 0.084375 0.0484375 0.053125
0 0.7046875 0.08203125 0.0484375 0.0484375