1 0.1140625 0.359375 0.0796875 0.11796875
1 0.853125 0.3765625 0.0671875 0.09375
1 0.6828125 0.359375 0.09140625 0.11796875
1 0.3734375 0.365625 0.0796875 0.10078125
1 0.9703125 0.39296875 0.05078125 0.11796875
1 0.43359375 0.37890625 0.05546875 0.07421875
1 0.24375 0.3859375 0.05078125 0.07421875
1 0.48046875 0.3921875 0.053125 0.08203125
1 0.64921875 0.365625 0.0578125 0.09609375
1 0.5296875 0.40390625 0.0359375 0.0578125
0 0.5828125 0.38828125 0.040625 0.06015625
1 0.303125 0.4046875 0.03828125 0.05078125
1 0.07421875 0.3890625 0.0578125 0.08203125