1 0.27734375 0.36640625 0.06484375 0.08203125
1 0.828125 0.31796875 0.05546875 0.09609375
1 0.6734375 0.31171875 0.10078125 0.11796875
0 0.46484375 0.3046875 0.07421875 0.10390625
1 0.79453125 0.3203125 0.0359375 0.08203125
1 0.5578125 0.3625 0.03828125 0.05078125
1 0.27734375 0.09140625 0.06484375 0.08203125
1 0.828125 0.13984375 0.05546875 0.09609375
1 0.6734375 0.1484375 0.10078125 0.11796875
0 0.46484375 0.15546875 0.07421875 0.10390625
1 0.79453125 0.1375 0.0359375 0.08203125
1 0.5578125 0.09765625 0.03828125 0.05078125