1 0.86640625 0.36640625 0.084375 0.1078125
1 0.071875 0.3109375 0.1203125 0.1421875
1 0.12890625 0.41328125 0.06953125 0.08203125
1 0.209375 0.4375 0.053125 0.0671875
1 0.4734375 0.43046875 0.03828125 0.0484375
1 0.66015625 0.43125 0.03125 0.0453125
1 0.790625 0.44375 0.04296875 0.06484375
1 0.290625 0.4390625 0.02890625 0.0453125
1 0.6078125 0.44375 0.03828125 0.0453125
1 0.8453125 0.42421875 0.0453125 0.07421875
1 0.428125 0.47578125 0.03359375 0.03359375
1 0.24375 0.45546875 0.0359375 0.0453125
1 0.0734375 0.04453125 0.12265625 0.0890625