1 0.5640625 0.615625 0.05078125 0.05078125
1 0.953125 0.63828125 0.05546875 0.053125
1 0.1296875 0.58828125 0.04296875 0.0484375
1 0.353125 0.48515625 0.03828125 0.0359375
1 0.2390625 0.4671875 0.03125 0.03359375
1 0.0671875 0.4890625 0.02890625 0.03359375
1 0.36875 0.5421875 0.0265625 0.02421875
1 0.51953125 0.42890625 0.02421875 0.02890625
1 0.48828125 0.41953125 0.02890625 0.02890625
1 0.75625 0.41484375 0.040625 0.03359375
1 0.0984375 0.415625 0.02890625 0.021875
1 0.13203125 0.4015625 0.02890625 0.0265625
1 0.1875 0.384375 0.01953125 0.021875
0 0.1515625 0.6109375 0.03359375 0.0359375
1 0.25859375 0.43125 0.021875 0.02421875