1 0.7171875 0.29453125 0.0890625 0.0984375
0 0.4421875 0.2640625 0.0671875 0.10078125
0 0.2953125 0.27421875 0.0671875 0.09609375
0 0.9171875 0.275 0.09375 0.11328125
0 0.15390625 0.24296875 0.09609375 0.1296875
0 0.55625 0.25859375 0.0796875 0.103125
0 0.8734375 0.275 0.06484375 0.09375
0 0.5046875 0.27421875 0.0578125 0.0765625
0 0.21484375 0.28515625 0.06015625 0.084375
0 0.44375 0.01953125 0.06953125 0.03828125
0 0.296875 0.01328125 0.06953125 0.0265625
0 0.915625 0.0171875 0.09609375 0.03359375
0 0.1546875 0.0375 0.0984375 0.07421875
0 0.55546875 0.02265625 0.08203125 0.0453125
0 0.87265625 0.01171875 0.0671875 0.0234375
0 0.50625 0.00859375 0.06015625 0.0171875