0 0.42890625 0.37734375 0.06015625 0.071875
0 0.6734375 0.3765625 0.0578125 0.06953125
0 0.484375 0.390625 0.06953125 0.09375
0 0.553125 0.3796875 0.0578125 0.0765625
0 0.20703125 0.353125 0.0765625 0.10078125
0 0.7984375 0.35703125 0.0625 0.07421875
0 0.12890625 0.39453125 0.09375 0.1109375
0 0.42890625 0.11328125 0.06015625 0.071875
0 0.6734375 0.11640625 0.0578125 0.06953125
0 0.484375 0.10234375 0.06953125 0.09375
0 0.553125 0.1109375 0.0578125 0.0765625
0 0.20703125 0.13671875 0.0765625 0.10078125
0 0.7984375 0.1359375 0.0625 0.07421875
0 0.12890625 0.09609375 0.09375 0.1109375