1 0.65390625 0.50859375 0.1390625 0.13046875
1 0.9 0.34921875 0.18984375 0.221875
1 0.0375 0.2578125 0.0453125 0.053125
1 0.33203125 0.45390625 0.04296875 0.05546875
1 0.41953125 0.44375 0.0359375 0.0484375
1 0.50625 0.446875 0.0453125 0.05546875
1 0.5796875 0.4421875 0.03359375 0.04609375
1 0.1515625 0.22734375 0.03828125 0.04609375
1 0.25703125 0.28203125 0.053125 0.0578125
1 0.89921875 0.04375 0.1921875 0.08671875
1 0.0375 0.06484375 0.0453125 0.053125
1 0.1515625 0.09765625 0.03828125 0.04609375
1 0.25703125 0.040625 0.053125 0.0578125