1 0.15234375 0.35546875 0.06484375 0.0796875
1 0.4546875 0.38046875 0.0578125 0.0671875
1 0.29453125 0.375 0.05546875 0.075
1 0.22734375 0.36875 0.05546875 0.0671875
1 0.80546875 0.33515625 0.10078125 0.1109375
1 0.3796875 0.390625 0.0484375 0.0625
1 0.525 0.38515625 0.05078125 0.0671875
1 0.61796875 0.4 0.0484375 0.0484375
1 0.35234375 0.3640625 0.0453125 0.053125
1 0.11328125 0.36484375 0.02890625 0.06015625
1 0.15234375 0.08515625 0.06484375 0.0796875
1 0.4546875 0.0578125 0.0578125 0.0671875
1 0.29453125 0.06640625 0.05546875 0.075
1 0.22734375 0.06953125 0.05546875 0.0671875
1 0.80546875 0.10390625 0.10078125 0.1109375
1 0.3796875 0.0484375 0.0484375 0.0625
1 0.525 0.053125 0.05078125 0.0671875
1 0.61796875 0.03828125 0.0484375 0.0484375
1 0.35234375 0.075 0.0453125 0.053125
1 0.11328125 0.07578125 0.02890625 0.06015625