0 0.28125 0.32734375 0.1390625 0.159375
0 0.671875 0.340625 0.1421875 0.16171875
0 0.9 0.36640625 0.11328125 0.13515625
0 0.478125 0.378125 0.0578125 0.08203125
0 0.55625 0.33359375 0.09375 0.12265625
0 0.3953125 0.39296875 0.06953125 0.10625
0 0.35078125 0.4046875 0.03828125 0.07265625
0 0.04921875 0.384375 0.09375 0.17109375
0 0.28203125 0.040625 0.1421875 0.08125
0 0.6703125 0.03515625 0.14453125 0.06953125
0 0.89921875 0.015625 0.115625 0.03125
0 0.55546875 0.02890625 0.09609375 0.0578125
0 0.0484375 0.015625 0.09609375 0.03125