1 0.7296875 0.34609375 0.19453125 0.23046875
1 0.36171875 0.48671875 0.06953125 0.0796875
1 0.171875 0.46640625 0.0984375 0.125
1 0.24765625 0.48671875 0.08671875 0.11328125
1 0.49375 0.475 0.05078125 0.05546875
1 0.1078125 0.41796875 0.0578125 0.08203125
1 0.43125 0.4890625 0.06484375 0.06953125
1 0.65234375 0.4015625 0.0796875 0.09140625
1 0.3328125 0.4484375 0.0359375 0.0359375
0 0.0203125 0.45078125 0.040625 0.06953125
0 0.03984375 0.39453125 0.05078125 0.0625
1 0.728125 0.02734375 0.196875 0.0546875