1 0.7546875 0.3046875 0.0671875 0.06953125
1 0.33203125 0.26953125 0.09140625 0.09140625
1 0.84765625 0.30234375 0.12734375 0.1375
1 0.18046875 0.29296875 0.08203125 0.084375
1 0.44375 0.59375 0.06015625 0.05546875
1 0.21640625 0.2796875 0.0578125 0.08203125
1 0.03125 0.47265625 0.0578125 0.08671875
1 0.08515625 0.28828125 0.040625 0.05546875
1 0.1390625 0.2953125 0.0484375 0.05546875
1 0.4828125 0.40859375 0.0578125 0.05078125
1 0.41328125 0.40859375 0.04296875 0.05078125
1 0.7546875 0.13125 0.0671875 0.06953125
1 0.33203125 0.1640625 0.09140625 0.09140625
1 0.84765625 0.13359375 0.12734375 0.1375
1 0.18046875 0.14375 0.08203125 0.084375
1 0.44375 0.9671875 0.06015625 0.05546875
1 0.21640625 0.15390625 0.0578125 0.08203125
1 0.08515625 0.1484375 0.040625 0.05546875
1 0.1390625 0.140625 0.0484375 0.05546875
1 0.4828125 0.02734375 0.0578125 0.05078125
1 0.41328125 0.02734375 0.04296875 0.05078125