0 0.23203125 0.38125 0.06015625 0.0890625
0 0.5140625 0.38125 0.0578125 0.06953125
0 0.34609375 0.4390625 0.1203125 0.13671875
0 0.8609375 0.44375 0.10546875 0.1078125
0 0.6578125 0.37109375 0.0453125 0.06015625
0 0.27265625 0.64296875 0.19453125 0.209375
0 0.82109375 0.5625 0.18984375 0.196875
0 0.98046875 0.4046875 0.02421875 0.05546875
0 0.7046875 0.38359375 0.0484375 0.06953125
0 0.478125 0.37109375 0.03828125 0.06484375
0 0.27890625 0.3859375 0.0484375 0.06953125
0 0.271875 0.95078125 0.196875 0.0890625