1 0.80390625 0.334375 0.07421875 0.0765625
1 0.94375 0.50234375 0.084375 0.0671875
1 0.484375 0.33203125 0.05078125 0.053125
1 0.40234375 0.42421875 0.06015625 0.05078125
1 0.74609375 0.36796875 0.084375 0.08203125
1 0.959375 0.4375 0.0625 0.0671875
1 0.22109375 0.4515625 0.04296875 0.03359375
1 0.1734375 0.44140625 0.03828125 0.040625
1 0.46640625 0.4125 0.03359375 0.0453125
1 0.76796875 0.42421875 0.05078125 0.06015625
1 0.2640625 0.35078125 0.03359375 0.03359375
1 0.21484375 0.35546875 0.0359375 0.02890625
1 0.125 0.44140625 0.03828125 0.0359375
1 0.59140625 0.41484375 0.0484375 0.05078125
1 0.24375 0.42578125 0.0359375 0.03359375
1 0.30546875 0.41015625 0.02890625 0.03125
1 0.80390625 0.103125 0.07421875 0.0765625
1 0.484375 0.10546875 0.05078125 0.053125
1 0.4015625 0.0203125 0.0625 0.040625
1 0.74609375 0.06953125 0.084375 0.08203125
1 0.96015625 0.01796875 0.06484375 0.0359375
1 0.22265625 0.00234375 0.0453125 0.0046875
1 0.1734375 0.009375 0.040625 0.01875
1 0.46640625 0.02734375 0.03359375 0.0453125
1 0.7671875 0.02265625 0.053125 0.0453125
1 0.2640625 0.08671875 0.03359375 0.03359375
1 0.21484375 0.08203125 0.0359375 0.02890625
1 0.1265625 0.00859375 0.040625 0.0171875
1 0.59140625 0.025 0.0484375 0.05
1 0.24296875 0.015625 0.03828125 0.03125
1 0.30546875 0.0296875 0.02890625 0.03125