0 0.4640625 0.396875 0.0671875 0.08203125
0 0.5671875 0.39765625 0.0578125 0.06484375
0 0.12265625 0.4234375 0.0578125 0.0671875
0 0.8015625 0.40859375 0.103125 0.1109375
0 0.71484375 0.4234375 0.06953125 0.0765625
0 0.26796875 0.3953125 0.09375 0.1078125
0 0.46484375 0.0375 0.06953125 0.07421875
0 0.5671875 0.0328125 0.0578125 0.06484375
0 0.1234375 0.0203125 0.06015625 0.040625
0 0.80078125 0.03828125 0.10546875 0.0765625
0 0.7140625 0.02265625 0.071875 0.0453125
0 0.2671875 0.04453125 0.09609375 0.0890625