1 0.421875 0.28203125 0.11328125 0.115625
1 0.5 0.31328125 0.15390625 0.14453125
1 0.95546875 0.31328125 0.06015625 0.0671875
1 0.74609375 0.30625 0.06484375 0.0671875
1 0.85078125 0.39765625 0.0578125 0.0625
1 0.70078125 0.3484375 0.07421875 0.0796875
0 0.74765625 0.2 0.0484375 0.0625
0 0.63671875 0.215625 0.04296875 0.05546875
0 0.56875 0.21328125 0.06015625 0.06015625
0 0.29453125 0.28515625 0.05078125 0.06015625
0 0.33046875 0.21171875 0.05546875 0.0625
0 0.48828125 0.21328125 0.053125 0.06015625
0 0.1859375 0.1984375 0.040625 0.05546875