1 0.734375 0.33984375 0.09375 0.11328125
1 0.8328125 0.3765625 0.05546875 0.084375
0 0.2203125 0.34140625 0.103125 0.1296875
0 0.15390625 0.38828125 0.0625 0.06484375
0 0.43359375 0.39765625 0.05546875 0.06015625
0 0.59609375 0.39765625 0.053125 0.06015625
0 0.29453125 0.36875 0.0453125 0.06484375
0 0.87890625 0.36796875 0.06015625 0.0765625
1 0.734375 0.08984375 0.09375 0.11328125
1 0.8328125 0.05390625 0.05546875 0.084375
0 0.2203125 0.08671875 0.103125 0.1296875
0 0.15390625 0.0421875 0.0625 0.06484375
0 0.43359375 0.0328125 0.05546875 0.06015625
0 0.59609375 0.0328125 0.053125 0.06015625
0 0.29453125 0.0609375 0.0453125 0.06484375
0 0.87890625 0.06015625 0.06015625 0.0765625