1 0.21875 0.56640625 0.04296875 0.04375
1 0.2765625 0.5625 0.03828125 0.04609375
1 0.31640625 0.56171875 0.0359375 0.03828125
1 0.3734375 0.56484375 0.0359375 0.040625
1 0.4390625 0.575 0.0359375 0.040625
1 0.4078125 0.55390625 0.03125 0.03828125
1 0.5578125 0.56953125 0.03828125 0.0359375
1 0.81015625 0.5640625 0.053125 0.053125
1 0.709375 0.54921875 0.02890625 0.02890625
1 0.5671875 0.52421875 0.02890625 0.0359375
1 0.21875 0.92734375 0.04296875 0.04375
1 0.2765625 0.93359375 0.03828125 0.04609375
1 0.31640625 0.9328125 0.0359375 0.03828125
1 0.3734375 0.93125 0.0359375 0.040625
1 0.4390625 0.921875 0.0359375 0.040625
1 0.4078125 0.93984375 0.03125 0.03828125
1 0.5578125 0.9265625 0.03828125 0.0359375
1 0.81015625 0.93046875 0.053125 0.053125
1 0.709375 0.94453125 0.02890625 0.02890625
1 0.5671875 0.97265625 0.02890625 0.0359375