1 0.1203125 0.2859375 0.125 0.16796875
0 0.0375 0.35 0.07421875 0.09375
0 0.21015625 0.3328125 0.09375 0.1078125
0 0.34375 0.3171875 0.0765625 0.10078125
0 0.490625 0.35078125 0.0578125 0.08203125
0 0.521875 0.36640625 0.03359375 0.05546875
0 0.60078125 0.34140625 0.053125 0.08203125
0 0.6359375 0.3609375 0.040625 0.053125
0 0.728125 0.3375 0.053125 0.07421875
0 0.75390625 0.3484375 0.0359375 0.0578125
0 0.7765625 0.375 0.03359375 0.0484375
0 0.8421875 0.37265625 0.03125 0.03359375
0 0.884375 0.3921875 0.03359375 0.02890625
1 0.12109375 0.02265625 0.12734375 0.0453125