0 0.28515625 0.33125 0.07421875 0.084375
0 0.1734375 0.3984375 0.04296875 0.05078125
0 0.22734375 0.37109375 0.05078125 0.0671875
0 0.296875 0.390625 0.0453125 0.0578125
0 0.42578125 0.4328125 0.03828125 0.05078125
0 0.5734375 0.42421875 0.0453125 0.0484375
0 0.28515625 0.1046875 0.07421875 0.084375
0 0.1734375 0.0375 0.04296875 0.05078125
0 0.22734375 0.0625 0.05078125 0.0671875
0 0.296875 0.04375 0.0453125 0.0578125
0 0.4265625 0.01484375 0.040625 0.02890625
0 0.571875 0.01796875 0.0484375 0.0359375