0 0.2296875 0.2984375 0.06015625 0.07734375
0 0.303125 0.30625 0.053125 0.07265625
0 0.1390625 0.29609375 0.0578125 0.1109375
0 0.59375 0.31171875 0.053125 0.06015625
0 0.08515625 0.29140625 0.05078125 0.10625
0 0.37734375 0.321875 0.02421875 0.04609375
0 0.03828125 0.27734375 0.0765625 0.2265625
0 0.3484375 0.33046875 0.02890625 0.0484375
0 0.4828125 0.325 0.04296875 0.0625
0 0.45078125 0.315625 0.03125 0.0578125
0 0.53515625 0.31171875 0.0265625 0.04609375
0 0.6984375 0.33515625 0.0265625 0.03828125
0 0.6734375 0.3265625 0.02421875 0.04609375
0 0.228125 0.03515625 0.0625 0.06953125
0 0.30390625 0.03046875 0.05546875 0.06015625
0 0.140625 0.04453125 0.06015625 0.0890625
0 0.5953125 0.02421875 0.05546875 0.0484375
0 0.084375 0.04609375 0.053125 0.09140625
0 0.37890625 0.015625 0.0265625 0.03125
0 0.03984375 0.0828125 0.0796875 0.165625
0 0.35 0.01171875 0.03125 0.0234375
0 0.484375 0.01796875 0.0453125 0.0359375
0 0.44921875 0.021875 0.03359375 0.04375
0 0.53359375 0.0203125 0.02890625 0.040625
0 0.69609375 0.00703125 0.0296875 0.0140625
0 0.67421875 0.01328125 0.0265625 0.0265625