0 0.10234375 0.3828125 0.0796875 0.08671875
0 0.6921875 0.41171875 0.0671875 0.08671875
0 0.19140625 0.41796875 0.06015625 0.075
0 0.82109375 0.440625 0.06015625 0.0625
0 0.2953125 0.41796875 0.0578125 0.06015625
0 0.90234375 0.45625 0.05546875 0.06953125
0 0.38359375 0.42890625 0.0453125 0.0578125
0 0.5765625 0.41171875 0.03359375 0.0578125
0 0.24375 0.43046875 0.040625 0.06484375
0 0.5515625 0.4203125 0.0265625 0.05546875
0 0.8640625 0.415625 0.0453125 0.05546875
0 0.959375 0.45078125 0.0578125 0.07265625