1 0.1234375 0.27578125 0.084375 0.0890625
1 0.22265625 0.25390625 0.0890625 0.10390625
1 0.77421875 0.3 0.1109375 0.12265625
1 0.35078125 0.3 0.10546875 0.11796875
1 0.52734375 0.3 0.1078125 0.11796875
1 0.71015625 0.246875 0.05546875 0.06953125
1 0.90859375 0.1984375 0.02890625 0.040625
0 0.55390625 0.215625 0.0359375 0.05078125
0 0.6734375 0.19765625 0.03359375 0.03359375
1 0.1234375 0.0640625 0.084375 0.0890625
1 0.22265625 0.08515625 0.0890625 0.10390625
1 0.775 0.05078125 0.11328125 0.1015625
1 0.35234375 0.04921875 0.1078125 0.0984375
1 0.5265625 0.04921875 0.1109375 0.0984375
1 0.71015625 0.09296875 0.05546875 0.06953125
1 0.90859375 0.140625 0.02890625 0.040625
0 0.55390625 0.12421875 0.0359375 0.05078125
0 0.6734375 0.13984375 0.03359375 0.03359375