1 0.55078125 0.3484375 0.0625 0.084375
1 0.43359375 0.29140625 0.084375 0.1109375
1 0.2484375 0.240625 0.11796875 0.13984375
1 0.75703125 0.415625 0.0484375 0.040625
1 0.6109375 0.3640625 0.0578125 0.0671875
1 0.73046875 0.40234375 0.0625 0.07265625
1 0.81640625 0.4359375 0.0265625 0.03359375
1 0.7921875 0.41953125 0.0265625 0.03828125
1 0.83515625 0.4375 0.021875 0.03125
1 0.55078125 0.01171875 0.0640625 0.0234375
1 0.4328125 0.046875 0.08671875 0.09375
1 0.2484375 0.08671875 0.11796875 0.13984375