1 0.13125 0.3515625 0.06953125 0.0671875
1 0.37890625 0.40625 0.0453125 0.05546875
1 0.3328125 0.4109375 0.0359375 0.04609375
1 0.62734375 0.40703125 0.04296875 0.053125
1 0.578125 0.40390625 0.040625 0.05078125
1 0.68984375 0.40703125 0.03828125 0.0484375
1 0.74609375 0.40390625 0.040625 0.05546875
1 0.82578125 0.4109375 0.0359375 0.05546875
1 0.8640625 0.390625 0.0453125 0.0578125
1 0.234375 0.41328125 0.0453125 0.05078125
1 0.03984375 0.4203125 0.0453125 0.06484375
1 0.1390625 0.40234375 0.03359375 0.053125
1 0.15625 0.41328125 0.03359375 0.06015625
1 0.1296875 0.00625 0.071875 0.01171875