0 0.5984375 0.3265625 0.0671875 0.075
0 0.10546875 0.38515625 0.1296875 0.13984375
0 0.9375 0.3375 0.0625 0.0625
0 0.803125 0.33046875 0.0484375 0.0578125
0 0.86171875 0.3375 0.0453125 0.053125
0 0.43125 0.35625 0.0453125 0.0578125
0 0.7078125 0.33828125 0.040625 0.05078125
0 0.23046875 0.353125 0.04296875 0.05078125
0 0.3171875 0.35625 0.0484375 0.0578125
0 0.64453125 0.3515625 0.03359375 0.0484375
0 0.5984375 0.0515625 0.0671875 0.075
0 0.10703125 0.03125 0.13203125 0.0625
0 0.9375 0.03828125 0.0625 0.0625
0 0.803125 0.04609375 0.0484375 0.0578125
0 0.86171875 0.03828125 0.0453125 0.053125
0 0.43046875 0.025 0.0484375 0.05
0 0.7078125 0.03984375 0.040625 0.05078125
0 0.2296875 0.025 0.04375 0.05
0 0.31796875 0.025 0.0515625 0.05
0 0.64453125 0.02421875 0.03359375 0.0484375