0 0.7609375 0.39453125 0.0796875 0.09140625
0 0.1390625 0.390625 0.08203125 0.09375
0 0.3296875 0.3765625 0.09609375 0.1078125
0 0.25625 0.38828125 0.05078125 0.0890625
0 0.89765625 0.38359375 0.11796875 0.11796875
0 0.50234375 0.38671875 0.10546875 0.1109375
0 0.84375 0.38203125 0.08203125 0.09140625
0 0.37109375 0.3765625 0.06484375 0.11328125
0 0.75859375 0.04296875 0.0828125 0.0859375
0 0.140625 0.0453125 0.084375 0.090625
0 0.3296875 0.05859375 0.09609375 0.1078125
0 0.25625 0.046875 0.05078125 0.0890625
0 0.896875 0.05546875 0.1203125 0.1109375
0 0.50390625 0.0515625 0.1078125 0.103125
0 0.84375 0.05078125 0.08203125 0.09140625
0 0.37109375 0.05859375 0.06484375 0.11328125