1 0.209375 0.4 0.08671875 0.09375
1 0.78984375 0.39296875 0.103125 0.12265625
0 0.4859375 0.4046875 0.08203125 0.09375
0 0.37734375 0.4328125 0.0625 0.08203125
0 0.59375 0.43359375 0.04296875 0.05546875
0 0.66796875 0.41796875 0.03359375 0.03359375
0 0.640625 0.41015625 0.0265625 0.040625
0 0.72265625 0.40390625 0.0359375 0.03828125
0 0.8609375 0.3953125 0.03359375 0.040625
0 0.55390625 0.40625 0.03125 0.03828125
1 0.21015625 0.0171875 0.0890625 0.03359375
1 0.7875 0.02734375 0.10625 0.0546875
0 0.4859375 0.0140625 0.084375 0.028125
0 0.86171875 0.00625 0.0359375 0.01171875