0 0.83671875 0.57578125 0.071875 0.06953125
0 0.74375 0.6734375 0.103125 0.125
0 0.6234375 0.603125 0.06484375 0.0625
0 0.46640625 0.59765625 0.0578125 0.05546875
0 0.40859375 0.7046875 0.0765625 0.0765625
0 0.1703125 0.65859375 0.09609375 0.10078125
0 0.02421875 0.6765625 0.0484375 0.084375
0 0.0171875 0.58671875 0.03359375 0.0484375
0 0.109375 0.5828125 0.0453125 0.0453125
0 0.30390625 0.59609375 0.0453125 0.053125
0 0.37734375 0.5890625 0.0484375 0.053125
0 0.178125 0.58515625 0.04296875 0.040625