1 0.94921875 0.2328125 0.0671875 0.08203125
1 0.625 0.75390625 0.134375 0.1421875
1 0.66796875 0.24140625 0.08203125 0.11328125
1 0.86875 0.24296875 0.06953125 0.0765625
1 0.4703125 0.3015625 0.0984375 0.11796875
1 0.8890625 0.35703125 0.09140625 0.09375
1 0.7484375 0.3953125 0.0984375 0.11796875
1 0.02890625 0.38203125 0.0578125 0.1296875
1 0.2703125 0.19921875 0.05078125 0.0578125
1 0.21484375 0.23203125 0.05078125 0.06953125
1 0.94921875 0.09375 0.0671875 0.08203125
1 0.625 0.90234375 0.134375 0.1421875
1 0.66796875 0.0875 0.08203125 0.11328125
1 0.86875 0.084375 0.06953125 0.0765625
1 0.46796875 0.04296875 0.1015625 0.0859375
1 0.890625 0.009375 0.09375 0.01875
1 0.2703125 0.12734375 0.05078125 0.0578125
1 0.21484375 0.09765625 0.05078125 0.06953125