1 0.74140625 0.51328125 0.06484375 0.07421875
0 0.30859375 0.51796875 0.05078125 0.06015625
0 0.8640625 0.51953125 0.0453125 0.0625
0 0.41484375 0.52734375 0.0453125 0.05546875
0 0.2390625 0.51953125 0.05078125 0.0578125
0 0.6359375 0.52265625 0.05078125 0.06015625
0 0.9109375 0.52734375 0.04296875 0.06484375
0 0.5015625 0.5328125 0.05078125 0.05546875
1 0.02421875 0.51796875 0.03359375 0.040625
1 0.16953125 0.540625 0.040625 0.04296875
0 0.6859375 0.5578125 0.03125 0.03828125
1 0.740625 0.01328125 0.0671875 0.0265625
1 0.740625 0.9640625 0.0671875 0.0625
0 0.3078125 0.00703125 0.053125 0.0140625
0 0.30859375 0.9671875 0.05078125 0.06015625
0 0.86328125 0.00703125 0.0484375 0.0140625
0 0.8640625 0.9640625 0.0453125 0.0625
0 0.41484375 0.9578125 0.0453125 0.05546875
0 0.23828125 0.00625 0.053125 0.01171875
0 0.2390625 0.9640625 0.05078125 0.0578125
0 0.634375 0.0046875 0.053125 0.009375
0 0.6359375 0.9625 0.05078125 0.06015625
0 0.9109375 0.9578125 0.04296875 0.06484375
0 0.5015625 0.953125 0.05078125 0.05546875
1 0.02421875 0.9671875 0.03359375 0.040625
1 0.16953125 0.9421875 0.040625 0.04296875
0 0.6859375 0.92578125 0.03125 0.03828125