1 0.1234375 0.33984375 0.0796875 0.1015625
1 0.20078125 0.3796875 0.06953125 0.0984375
1 0.39921875 0.3171875 0.03359375 0.0359375
1 0.33046875 0.31328125 0.0359375 0.04375
1 0.27890625 0.31328125 0.03359375 0.04375
1 0.203125 0.3203125 0.0265625 0.03359375
1 0.5265625 0.32421875 0.08203125 0.11328125
1 0.75703125 0.30625 0.0765625 0.1109375
0 0.8328125 0.32734375 0.0453125 0.0578125
0 0.91484375 0.31484375 0.07421875 0.0890625
1 0.12265625 0.0203125 0.08203125 0.040625
1 0.4 0.015625 0.0359375 0.03125
1 0.3296875 0.01953125 0.03828125 0.03828125
1 0.2796875 0.01953125 0.0359375 0.03828125
1 0.2015625 0.01328125 0.02890625 0.0265625
1 0.52734375 0.03125 0.084375 0.0625
1 0.75859375 0.03984375 0.0796875 0.0796875
0 0.83203125 0.015625 0.0484375 0.03125
0 0.91328125 0.03046875 0.0765625 0.06015625