1 0.040625 0.38828125 0.03828125 0.03828125
1 0.26171875 0.39765625 0.03828125 0.04375
1 0.84140625 0.346875 0.0625 0.08203125
1 0.984375 0.34375 0.021875 0.09375
1 0.6890625 0.375 0.05078125 0.075
1 0.7296875 0.36640625 0.0453125 0.0671875
1 0.58671875 0.36875 0.053125 0.07734375
1 0.62890625 0.36640625 0.0359375 0.0625
1 0.490625 0.378125 0.0484375 0.0625
1 0.3171875 0.40234375 0.02421875 0.03828125
1 0.3484375 0.421875 0.03359375 0.04375
1 0.35234375 0.378125 0.03125 0.04375
1 0.3890625 0.40859375 0.03828125 0.05078125
1 0.4359375 0.378125 0.05078125 0.0625
1 0.53125 0.37578125 0.03359375 0.0578125
1 0.84140625 0.01171875 0.0640625 0.0234375
1 0.9828125 0.0171875 0.02421875 0.03359375