1 0.07578125 0.44921875 0.0171875 0.01953125
1 0.44453125 0.43359375 0.01953125 0.0171875
1 0.509375 0.49609375 0.02421875 0.021875
1 0.8078125 0.5109375 0.02890625 0.0359375
1 0.93125 0.5171875 0.0359375 0.03359375
1 0.6734375 0.44453125 0.0140625 0.0140625
1 0.6609375 0.4375 0.0140625 0.0140625
1 0.25 0.4015625 0.009375 0.0140625
1 0.2359375 0.41015625 0.009375 0.01171875
2 0.06953125 0.48828125 0.03828125 0.09140625
2 0.2359375 0.43046875 0.0140625 0.0578125
2 0.25390625 0.4234375 0.0171875 0.0484375
2 0.51171875 0.55078125 0.03828125 0.134375
2 0.4390625 0.45703125 0.03125 0.0671875
2 0.68046875 0.4828125 0.02890625 0.09140625
2 0.65859375 0.4703125 0.01953125 0.0796875
2 0.80546875 0.5765625 0.071875 0.15390625
2 0.93984375 0.6046875 0.10078125 0.19921875
1 0.07578125 0.12265625 0.0171875 0.01953125
1 0.07578125 0.959375 0.0171875 0.01953125
1 0.44453125 0.140625 0.01953125 0.0171875
1 0.44453125 0.97734375 0.01953125 0.0171875
1 0.509375 0.078125 0.02421875 0.021875
1 0.509375 0.91484375 0.02421875 0.021875
1 0.8078125 0.0640625 0.02890625 0.0359375
1 0.8078125 0.9 0.02890625 0.0359375
1 0.93125 0.05546875 0.0359375 0.03359375
1 0.93125 0.8921875 0.0359375 0.03359375
1 0.6734375 0.12734375 0.0140625 0.0140625
1 0.6734375 0.9640625 0.0140625 0.0140625
1 0.6609375 0.134375 0.0140625 0.0140625
1 0.6609375 0.97109375 0.0140625 0.0140625
1 0.25 0.1703125 0.009375 0.0140625
1 0.2359375 0.16484375 0.009375 0.01171875
1 0.23671875 0.99375 0.01171875 0.00234375
2 0.06953125 0.084375 0.03828125 0.09140625
2 0.06953125 0.9203125 0.03828125 0.09140625
2 0.2359375 0.1421875 0.0140625 0.0578125
2 0.23671875 0.97265625 0.0171875 0.0453125
2 0.25390625 0.14921875 0.0171875 0.0484375
2 0.25234375 0.978125 0.01953125 0.03359375
2 0.5125 0.0453125 0.040625 0.090625
2 0.51171875 0.8578125 0.03828125 0.134375
2 0.4390625 0.115625 0.03125 0.0671875
2 0.4390625 0.9515625 0.03125 0.0671875
2 0.68046875 0.0890625 0.02890625 0.09140625
2 0.68046875 0.92578125 0.02890625 0.09140625
2 0.65859375 0.1046875 0.01953125 0.0796875
2 0.65859375 0.94140625 0.01953125 0.0796875
2 0.80625 0.0375 0.07421875 0.07421875
2 0.80546875 0.83203125 0.071875 0.15390625
2 0.94140625 0.03515625 0.103125 0.06953125
2 0.93984375 0.80625 0.10078125 0.19921875