1 0.74140625 0.4484375 0.13203125 0.13671875
1 0.365625 0.5 0.125 0.15859375
1 0.2671875 0.09609375 0.0484375 0.0671875
1 0.42578125 0.13125 0.0671875 0.05546875
1 0.43046875 0.08984375 0.053125 0.03125
2 0.24765625 0.20078125 0.1921875 0.271875
2 0.33671875 0.68359375 0.3796875 0.521875
2 0.6984375 0.60546875 0.290625 0.4515625
2 0.45078125 0.21484375 0.1515625 0.2046875
1 0.95703125 0.446875 0.0765625 0.1390625
1 0.00703125 0.09765625 0.0140625 0.06953125
2 0.053125 0.19921875 0.10546875 0.27421875
2 0.05546875 0.6828125 0.1109375 0.52421875
2 0.9390625 0.60703125 0.11328125 0.4546875