1 0.0296875 0.33515625 0.059375 0.1421875
1 0.05390625 0.27265625 0.09375 0.12734375
1 0.140625 0.31484375 0.0890625 0.09140625
1 0.3171875 0.3234375 0.0625 0.06484375
1 0.3109375 0.2875 0.05078125 0.0453125
1 0.39921875 0.28359375 0.053125 0.0625
1 0.58046875 0.31953125 0.0453125 0.0578125
1 0.7296875 0.265625 0.06484375 0.084375
1 0.70078125 0.2765625 0.0359375 0.071875
1 0.8890625 0.28828125 0.08203125 0.09140625
1 0.0296875 0.034375 0.059375 0.06875
1 0.053125 0.0625 0.09609375 0.125
1 0.1390625 0.0328125 0.09140625 0.06484375
1 0.31875 0.021875 0.06484375 0.04296875
1 0.3109375 0.046875 0.05078125 0.0453125
1 0.39921875 0.0484375 0.053125 0.0625
1 0.5796875 0.021875 0.0484375 0.04296875
1 0.7296875 0.06875 0.06484375 0.084375
1 0.70078125 0.05546875 0.0359375 0.071875
1 0.8890625 0.04453125 0.08203125 0.0890625