1 0.9 0.240625 0.09375 0.1109375
1 0.821875 0.56953125 0.1296875 0.1421875
1 0.540625 0.23984375 0.0578125 0.06953125
1 0.35078125 0.2578125 0.0671875 0.07265625
1 0.1578125 0.375 0.06484375 0.06015625
1 0.78359375 0.2796875 0.0484375 0.0578125
1 0.88359375 0.40625 0.06015625 0.0890625
1 0.67578125 0.421875 0.0578125 0.0578125
1 0.69140625 0.25625 0.0453125 0.05546875
1 0.37734375 0.3015625 0.03828125 0.053125
1 0.3546875 0.38046875 0.09375 0.09609375
1 0.9 0.07265625 0.09375 0.1109375
1 0.540625 0.07578125 0.0578125 0.06953125
1 0.35078125 0.05546875 0.0671875 0.07265625
1 0.78359375 0.03359375 0.0484375 0.0578125
1 0.69140625 0.059375 0.0453125 0.05546875
1 0.37890625 0.0203125 0.040625 0.040625