1 0.38359375 0.58515625 0.06015625 0.0625
1 0.91015625 0.58515625 0.06484375 0.0625
1 0.1234375 0.578125 0.06953125 0.053125
1 0.71484375 0.59765625 0.06015625 0.0625
1 0.85 0.61328125 0.084375 0.075
1 0.271875 0.6203125 0.0578125 0.05546875
1 0.78125 0.62734375 0.03359375 0.05078125
1 0.7640625 0.54375 0.03359375 0.040625
1 0.68515625 0.553125 0.03828125 0.03125
1 0.38203125 0.96875 0.0625 0.053125
1 0.90859375 0.96875 0.0671875 0.053125
1 0.12265625 0.975 0.071875 0.040625
1 0.71484375 0.96171875 0.06015625 0.0625
1 0.85 0.9484375 0.084375 0.075
1 0.271875 0.940625 0.0578125 0.05546875
1 0.78125 0.93359375 0.03359375 0.05078125