0 0.46640625 0.32890625 0.0625 0.075
0 0.6859375 0.2984375 0.06953125 0.08203125
0 0.8578125 0.2484375 0.10546875 0.10625
0 0.63125 0.3203125 0.05546875 0.0671875
0 0.79921875 0.3109375 0.06484375 0.07265625
0 0.3140625 0.3359375 0.05078125 0.06484375
0 0.38125 0.39765625 0.0359375 0.03359375
0 0.4671875 0.01953125 0.06484375 0.03828125
0 0.684375 0.0359375 0.071875 0.071875
0 0.8578125 0.0796875 0.10546875 0.10625
0 0.6296875 0.021875 0.0578125 0.04375
0 0.79765625 0.02734375 0.0671875 0.0546875
0 0.3125 0.01328125 0.053125 0.0265625