0 0.9265625 0.3125 0.06484375 0.08203125
0 0.64765625 0.321875 0.07421875 0.10078125
0 0.8453125 0.29921875 0.0890625 0.1078125
0 0.26953125 0.30625 0.09140625 0.11328125
0 0.77421875 0.3375 0.0625 0.0796875
0 0.4515625 0.30859375 0.0765625 0.11328125
0 0.5875 0.31875 0.05546875 0.0984375
0 0.71171875 0.3375 0.053125 0.0796875
0 0.05859375 0.27890625 0.0796875 0.10546875
0 0.9265625 0.08203125 0.06484375 0.08203125
0 0.64765625 0.071875 0.07421875 0.10078125
0 0.8453125 0.09765625 0.0890625 0.1078125
0 0.26953125 0.08984375 0.09140625 0.11328125
0 0.77421875 0.05859375 0.0625 0.0796875
0 0.4515625 0.0875 0.0765625 0.11328125
0 0.5875 0.078125 0.05546875 0.0984375
0 0.71171875 0.05859375 0.053125 0.0796875
0 0.05859375 0.115625 0.0796875 0.10546875