1 0.24765625 0.45390625 0.15859375 0.146875
1 0.61171875 0.73828125 0.17578125 0.17578125
1 0.73046875 0.421875 0.16328125 0.15390625
1 0.8484375 0.28046875 0.15390625 0.18515625
1 0.63125 0.57265625 0.146875 0.146875
1 0.94609375 0.40234375 0.0984375 0.1734375
1 0.6859375 0.3203125 0.13203125 0.14453125
1 0.28125 0.646875 0.1734375 0.1515625
1 0.9421875 0.64609375 0.10546875 0.19296875
0 0.4328125 0.4828125 0.1390625 0.12734375
0 0.765625 0.659375 0.1421875 0.15625
1 0.6109375 0.915625 0.178125 0.159375
1 0.85 0.07109375 0.15625 0.1421875
1 0.684375 0.040625 0.134375 0.08125
1 0.2828125 0.9671875 0.17578125 0.05546875
1 0.94375 0.9578125 0.1078125 0.075
0 0.7640625 0.96015625 0.14453125 0.06953125