1 0.6890625 0.6703125 0.0265625 0.03359375
1 0.2484375 0.60546875 0.05546875 0.0578125
1 0.3484375 0.51953125 0.0484375 0.053125
1 0.44921875 0.4484375 0.053125 0.06015625
1 0.625 0.2859375 0.0625 0.0578125
1 0.540625 0.6703125 0.03359375 0.03828125
1 0.9359375 0.66796875 0.06484375 0.08203125
1 0.89296875 0.65234375 0.05546875 0.06953125
1 0.73046875 0.70703125 0.08203125 0.10546875
1 0.80546875 0.67421875 0.03828125 0.05078125
1 0.6875 0.984375 0.02890625 0.021875
1 0.625 0.0359375 0.0625 0.0578125
1 0.5421875 0.9828125 0.0359375 0.02421875
1 0.93515625 0.9734375 0.0671875 0.04296875
1 0.8921875 0.984375 0.0578125 0.021875
1 0.73203125 0.9484375 0.084375 0.09375
1 0.80625 0.978125 0.040625 0.03359375