1 0.13359375 0.36484375 0.12734375 0.15625
1 0.2703125 0.3578125 0.11796875 0.1421875
1 0.42890625 0.38515625 0.1078125 0.13515625
1 0.46484375 0.321875 0.07421875 0.10859375
1 0.7828125 0.3328125 0.103125 0.14921875
1 0.72109375 0.37734375 0.08203125 0.0984375
0 0.55390625 0.35390625 0.11796875 0.15390625
0 0.9515625 0.33984375 0.0671875 0.10625
1 0.87109375 0.340625 0.05546875 0.09375
1 0.13203125 0.01953125 0.1296875 0.03828125
1 0.26953125 0.01953125 0.1203125 0.03828125
1 0.4640625 0.02890625 0.0765625 0.0578125
1 0.78125 0.03359375 0.10546875 0.0671875
0 0.553125 0.02421875 0.1203125 0.0484375
0 0.953125 0.01953125 0.06953125 0.03828125
1 0.8703125 0.015625 0.0578125 0.03125