0 0.1609375 0.50625 0.0578125 0.0625
0 0.48203125 0.50234375 0.0453125 0.05546875
0 0.9515625 0.5109375 0.03828125 0.04375
0 0.271875 0.5203125 0.02890625 0.03828125
0 0.3078125 0.51953125 0.02890625 0.0359375
0 0.3640625 0.521875 0.03125 0.0359375
0 0.38828125 0.5171875 0.021875 0.0359375
0 0.44453125 0.51328125 0.03359375 0.04375
0 0.5734375 0.5265625 0.040625 0.04609375
0 0.79296875 0.51953125 0.03828125 0.04609375
0 0.9125 0.51953125 0.0359375 0.0359375
0 0.83984375 0.5203125 0.0359375 0.03828125
0 0.7359375 0.5046875 0.03359375 0.040625
0 0.63125 0.53125 0.03125 0.040625
0 0.6546875 0.525 0.0265625 0.04375
0 0.053125 0.5203125 0.02890625 0.03828125
0 0.01796875 0.525 0.0359375 0.04375
0 0.20078125 0.515625 0.0265625 0.04375