1 0.1984375 0.38671875 0.1421875 0.18046875
1 0.26953125 0.44375 0.071875 0.08203125
1 0.3578125 0.415625 0.10078125 0.0984375
1 0.43359375 0.43515625 0.040625 0.05546875
1 0.4796875 0.4265625 0.05546875 0.0625
1 0.53515625 0.42890625 0.06484375 0.08671875
1 0.77421875 0.42265625 0.0578125 0.0796875
1 0.7484375 0.4328125 0.0359375 0.05078125
1 0.82421875 0.3828125 0.09609375 0.125
1 0.9 0.38671875 0.07421875 0.10390625
1 0.93359375 0.41484375 0.0359375 0.0578125
1 0.19609375 0.06953125 0.1453125 0.1390625
1 0.2703125 0.0171875 0.07421875 0.03359375
1 0.359375 0.03515625 0.103125 0.06953125
1 0.4328125 0.01484375 0.04296875 0.02890625
1 0.478125 0.0203125 0.0578125 0.040625
1 0.53359375 0.025 0.0671875 0.05
1 0.775 0.0265625 0.06015625 0.053125
1 0.74765625 0.01484375 0.03828125 0.02890625
1 0.82578125 0.0578125 0.0984375 0.115625
1 0.89921875 0.05078125 0.0765625 0.1015625
1 0.93203125 0.025 0.0390625 0.05