1 0.06953125 0.34609375 0.0578125 0.06484375
0 0.3109375 0.34609375 0.07421875 0.0796875
0 0.47578125 0.36484375 0.071875 0.075
0 0.80546875 0.3671875 0.0578125 0.084375
0 0.6234375 0.36015625 0.05078125 0.06953125
1 0.53828125 0.353125 0.02421875 0.040625
1 0.37265625 0.35078125 0.03359375 0.05078125
1 0.57109375 0.35546875 0.03125 0.05078125
1 0.75234375 0.3640625 0.02890625 0.04375
0 0.89765625 0.36953125 0.0359375 0.05078125
0 0.13125 0.35078125 0.040625 0.04609375
0 0.0171875 0.35546875 0.03359375 0.04609375
0 0.16796875 0.346875 0.02421875 0.03359375
1 0.06953125 0.090625 0.0578125 0.06484375
0 0.3109375 0.090625 0.07421875 0.0796875
0 0.47578125 0.07109375 0.071875 0.075
0 0.80546875 0.06875 0.0578125 0.084375
0 0.6234375 0.07578125 0.05078125 0.06953125
1 0.53828125 0.0828125 0.02421875 0.040625
1 0.37265625 0.08515625 0.03359375 0.05078125
1 0.57109375 0.08046875 0.03125 0.05078125
1 0.75234375 0.06953125 0.02890625 0.04375
0 0.89765625 0.06640625 0.0359375 0.05078125
0 0.13125 0.08515625 0.040625 0.04609375
0 0.0171875 0.08046875 0.03359375 0.04609375
0 0.16796875 0.08671875 0.02421875 0.03359375