1 0.12265625 0.23828125 0.16328125 0.196875
1 0.53828125 0.4015625 0.1203125 0.134375
1 0.37890625 0.58515625 0.13203125 0.11796875
1 0.43125 0.31953125 0.1078125 0.14921875
1 0.88671875 0.25703125 0.0625 0.115625
1 0.928125 0.21875 0.1296875 0.15859375
1 0.6625 0.2234375 0.05546875 0.071875
0 0.275 0.3296875 0.084375 0.09140625
1 0.1234375 0.06875 0.165625 0.13671875
1 0.43046875 0.015625 0.1109375 0.03125
1 0.88828125 0.03828125 0.06484375 0.0765625
1 0.92890625 0.06875 0.13203125 0.13671875
1 0.6625 0.05078125 0.05546875 0.071875