1 0.95703125 0.43046875 0.071875 0.0671875
1 0.2234375 0.26328125 0.071875 0.0796875
1 0.22578125 0.3390625 0.071875 0.0671875
1 0.10703125 0.36875 0.06484375 0.06484375
1 0.4234375 0.31015625 0.0484375 0.0625
1 0.66484375 0.4984375 0.05546875 0.06015625
1 0.77421875 0.459375 0.0578125 0.0578125
1 0.859375 0.3765625 0.06953125 0.06484375
0 0.196875 0.16796875 0.0484375 0.053125
0 0.2921875 0.1734375 0.040625 0.0484375
0 0.196875 0.03828125 0.0484375 0.053125
0 0.2921875 0.03359375 0.040625 0.0484375