1 0.11171875 0.3265625 0.03125 0.04609375
1 0.29453125 0.46484375 0.03125 0.03828125
1 0.43125 0.33984375 0.021875 0.04375
1 0.8296875 0.43359375 0.03359375 0.03359375
1 0.64921875 0.48515625 0.03359375 0.0359375
1 0.57421875 0.378125 0.03359375 0.03359375
1 0.45703125 0.3984375 0.03359375 0.0265625
1 0.490625 0.36171875 0.03359375 0.02890625
1 0.49296875 0.390625 0.03359375 0.03828125
1 0.6546875 0.690625 0.0265625 0.04609375
1 0.1109375 0.00390625 0.03359375 0.00703125
1 0.65390625 0.98203125 0.02890625 0.0265625