1 0.334375 0.46015625 0.0484375 0.07421875
0 0.82109375 0.43046875 0.11328125 0.1296875
0 0.39453125 0.4484375 0.0578125 0.07421875
0 0.59140625 0.4125 0.1109375 0.13671875
0 0.50234375 0.45703125 0.0671875 0.09609375
0 0.18984375 0.3578125 0.196875 0.23046875
0 0.290625 0.46015625 0.0765625 0.084375
0 0.93359375 0.4671875 0.06015625 0.06953125
0 0.7140625 0.4546875 0.08671875 0.1109375
0 0.665625 0.4328125 0.0484375 0.0765625
0 0.81953125 0.0328125 0.115625 0.06484375
0 0.39453125 0.009375 0.0609375 0.01875
0 0.59140625 0.04296875 0.1140625 0.0859375
0 0.50390625 0.0109375 0.06953125 0.021875
0 0.19140625 0.09375 0.19921875 0.1875
0 0.71484375 0.015625 0.0890625 0.03125
0 0.6671875 0.01796875 0.05078125 0.0359375