0 0.8328125 0.42890625 0.084375 0.08203125
0 0.73671875 0.36953125 0.05546875 0.075
0 0.18984375 0.3671875 0.1203125 0.12265625
0 0.46640625 0.39140625 0.0578125 0.06484375
0 0.31015625 0.39375 0.053125 0.06484375
0 0.78828125 0.39375 0.053125 0.06484375
0 0.13203125 0.33828125 0.053125 0.09375
0 0.38359375 0.41796875 0.03125 0.04609375
0 0.53515625 0.4046875 0.040625 0.0578125
0 0.6078125 0.41953125 0.071875 0.08203125
0 0.5796875 0.3796875 0.0578125 0.06953125
0 0.65625 0.4171875 0.03359375 0.04375
0 0.190625 0.01171875 0.121875 0.0234375
0 0.13359375 0.01953125 0.05546875 0.03828125