1 0.5046875 0.5328125 0.0671875 0.08671875
1 0.16796875 0.50703125 0.0671875 0.06953125
1 0.14765625 0.5828125 0.11796875 0.1109375
1 0.328125 0.5828125 0.103125 0.1203125
1 0.0625 0.55625 0.09140625 0.07734375
1 0.053125 0.484375 0.0578125 0.0578125
1 0.328125 0.4625 0.03125 0.03359375
1 0.4265625 0.49296875 0.0359375 0.0359375
1 0.47109375 0.49140625 0.03359375 0.04375
1 0.72734375 0.52421875 0.040625 0.040625
1 0.63203125 0.4984375 0.02890625 0.03828125
1 0.5953125 0.50859375 0.03125 0.04375
1 0.546875 0.5015625 0.03125 0.03828125