1 0.1390625 0.4390625 0.125 0.12265625
1 0.18359375 0.58046875 0.1421875 0.1421875
1 0.334375 0.72265625 0.1734375 0.18046875
1 0.46171875 0.5453125 0.1296875 0.16328125
1 0.525 0.3890625 0.0796875 0.08203125
1 0.5375 0.46640625 0.12265625 0.09609375
1 0.6546875 0.5171875 0.0890625 0.10546875
1 0.63203125 0.3578125 0.0578125 0.071875
1 0.68125 0.3796875 0.06015625 0.071875
1 0.70546875 0.4421875 0.084375 0.08203125
1 0.8578125 0.4984375 0.15390625 0.165625
1 0.8015625 0.44140625 0.084375 0.0984375
1 0.85078125 0.36796875 0.0765625 0.08671875
1 0.33515625 0.9171875 0.17578125 0.15625
1 0.63359375 0.00625 0.06015625 0.01171875