1 0.12265625 0.29296875 0.1296875 0.16796875
1 0.22578125 0.3234375 0.08203125 0.103125
1 0.03828125 0.2859375 0.0765625 0.125
0 0.56640625 0.30546875 0.13671875 0.15390625
0 0.6828125 0.2515625 0.1109375 0.12734375
0 0.84609375 0.353125 0.0578125 0.08203125
0 0.89296875 0.353125 0.0453125 0.0578125
0 0.96875 0.31953125 0.0484375 0.10546875
1 0.12265625 0.0765625 0.1328125 0.153125
1 0.2265625 0.0453125 0.084375 0.090625
1 0.03828125 0.07421875 0.0765625 0.125
0 0.56484375 0.0671875 0.1390625 0.134375
0 0.6828125 0.11171875 0.1109375 0.12734375
0 0.846875 0.025 0.059375 0.05
0 0.8921875 0.01953125 0.0484375 0.03828125
0 0.9703125 0.0484375 0.05078125 0.09609375