1 0.1703125 0.33515625 0.0625 0.084375
1 0.3484375 0.33984375 0.053125 0.0796875
0 0.62890625 0.32421875 0.06953125 0.09140625
0 0.7296875 0.35 0.06484375 0.084375
0 0.30078125 0.31875 0.0765625 0.0890625
0 0.05625 0.30546875 0.09375 0.1109375
0 0.85078125 0.3578125 0.053125 0.0671875
0 0.5140625 0.34140625 0.053125 0.0625
0 0.96015625 0.32109375 0.06953125 0.19921875
1 0.171875 0.00859375 0.06484375 0.0171875
0 0.62734375 0.015625 0.071875 0.03125
0 0.3015625 0.01796875 0.0796875 0.0359375
0 0.0546875 0.0296875 0.096875 0.059375
0 0.959375 0.04453125 0.071875 0.0890625