1 0.73046875 0.3265625 0.08671875 0.09609375
1 0.81640625 0.3765625 0.09375 0.1078125
1 0.3921875 0.38359375 0.0671875 0.0796875
1 0.1921875 0.43125 0.071875 0.06953125
1 0.0296875 0.29921875 0.05546875 0.06953125
1 0.21640625 0.3234375 0.053125 0.09375
1 0.4015625 0.2453125 0.0484375 0.0625
1 0.1875 0.19609375 0.0484375 0.05078125
1 0.33671875 0.2078125 0.0484375 0.05546875
1 0.64765625 0.49375 0.084375 0.07421875
1 0.73203125 0.025 0.0890625 0.05
1 0.02890625 0.0328125 0.0578125 0.06484375
1 0.2171875 0.0265625 0.05546875 0.053125
1 0.4015625 0.08203125 0.0484375 0.0625
1 0.1875 0.13359375 0.0484375 0.05078125
1 0.33671875 0.12109375 0.0484375 0.05546875