1 0.41015625 0.25703125 0.06484375 0.1109375
1 0.70546875 0.28359375 0.12265625 0.16796875
1 0.4734375 0.28828125 0.0671875 0.08671875
1 0.88203125 0.30625 0.09609375 0.12734375
1 0.21640625 0.3125 0.125 0.15859375
1 0.10234375 0.27421875 0.084375 0.115625
1 0.33984375 0.2859375 0.0890625 0.115625
1 0.5890625 0.31015625 0.0484375 0.071875
1 0.5140625 0.303125 0.02421875 0.08203125
1 0.27890625 0.2984375 0.053125 0.09140625
1 0.02265625 0.30625 0.040625 0.11328125
1 0.54453125 0.32578125 0.03125 0.06015625
1 0.8234375 0.31484375 0.0453125 0.0578125
1 0.40859375 0.046875 0.0671875 0.09375
1 0.7046875 0.0484375 0.125 0.09609375
1 0.47421875 0.025 0.0703125 0.05
1 0.88359375 0.0265625 0.0984375 0.053125
1 0.2171875 0.03125 0.12734375 0.0625
1 0.10078125 0.03984375 0.08671875 0.0796875
1 0.3390625 0.03359375 0.09140625 0.0671875
1 0.58984375 0.0109375 0.05078125 0.021875
1 0.515625 0.0171875 0.0265625 0.03359375
1 0.2796875 0.021875 0.05546875 0.04296875
1 0.021875 0.02265625 0.04296875 0.0453125
1 0.821875 0.0046875 0.0484375 0.009375