0 0.0578125 0.3234375 0.071875 0.0890625
0 0.3640625 0.40625 0.05078125 0.0625
0 0.1671875 0.353125 0.0453125 0.0578125
0 0.08046875 0.3546875 0.0453125 0.06015625
0 0.3140625 0.35 0.0359375 0.0453125
0 0.37890625 0.33671875 0.0453125 0.04296875
0 0.47265625 0.3734375 0.0359375 0.0453125
0 0.4671875 0.33671875 0.0359375 0.04296875
0 0.51171875 0.35546875 0.04296875 0.0484375
0 0.5953125 0.35078125 0.0265625 0.0484375
0 0.6515625 0.359375 0.03828125 0.05546875
0 0.72265625 0.33203125 0.05078125 0.0671875
0 0.83203125 0.3609375 0.03359375 0.04296875