1 0.11640625 0.67734375 0.06015625 0.04375
1 0.2640625 0.615625 0.0578125 0.06953125
1 0.6765625 0.6109375 0.0453125 0.04609375
1 0.9734375 0.60234375 0.04296875 0.07265625
1 0.28125 0.27265625 0.04296875 0.053125
1 0.49765625 0.278125 0.03828125 0.040625
1 0.56640625 0.315625 0.0359375 0.04375
1 0.7171875 0.4171875 0.0265625 0.02890625
1 0.665625 0.46015625 0.02890625 0.03359375
0 0.40234375 0.19765625 0.05546875 0.0578125
1 0.115625 0.98046875 0.0625 0.02890625
1 0.28125 0.05546875 0.04296875 0.053125
1 0.49765625 0.0515625 0.03828125 0.040625
1 0.56484375 0.01796875 0.03828125 0.0359375
0 0.40234375 0.13046875 0.05546875 0.0578125