1 0.6765625 0.309375 0.0796875 0.0984375
1 0.4390625 0.284375 0.06953125 0.1015625
1 0.2125 0.28515625 0.0984375 0.12265625
1 0.80546875 0.3015625 0.09140625 0.1109375
1 0.75390625 0.3515625 0.0453125 0.07265625
1 0.4953125 0.32734375 0.0484375 0.053125
1 0.34140625 0.36640625 0.04296875 0.0578125
1 0.63359375 0.3484375 0.05546875 0.075
1 0.67578125 0.03515625 0.08203125 0.06953125
1 0.4375 0.0484375 0.071875 0.09609375
1 0.21171875 0.053125 0.10078125 0.10625
1 0.80625 0.0421875 0.09375 0.084375
1 0.75234375 0.00703125 0.0484375 0.0140625
1 0.49609375 0.01484375 0.05078125 0.02890625
1 0.63203125 0.009375 0.0578125 0.01875