1 0.5640625 0.37734375 0.06015625 0.0796875
1 0.41015625 0.40390625 0.05078125 0.06953125
1 0.290625 0.40390625 0.0484375 0.06953125
1 0.80625 0.3984375 0.05078125 0.075
1 0.46640625 0.3953125 0.053125 0.0671875
1 0.69375 0.41328125 0.05546875 0.0796875
1 0.88125 0.3984375 0.0984375 0.12734375
1 0.1234375 0.4203125 0.05078125 0.06953125
1 0.0625 0.4 0.053125 0.0625
1 0.21640625 0.39765625 0.0484375 0.0578125
1 0.6515625 0.415625 0.03828125 0.06015625
1 0.7546875 0.41171875 0.03359375 0.0484375
1 0.32421875 0.4171875 0.03359375 0.053125
0 0.9546875 0.40703125 0.0484375 0.07265625
1 0.60703125 0.4046875 0.0359375 0.053125
1 0.375 0.40859375 0.03359375 0.05078125
1 0.5640625 0.03984375 0.06015625 0.0796875
1 0.40859375 0.02421875 0.053125 0.0484375
1 0.2921875 0.02421875 0.05078125 0.0484375
1 0.8046875 0.02734375 0.053125 0.0546875
1 0.46640625 0.02734375 0.0546875 0.0546875
1 0.6921875 0.021875 0.0578125 0.04375
1 0.87890625 0.040625 0.1015625 0.08125
1 0.12265625 0.015625 0.053125 0.03125
1 0.0640625 0.02421875 0.05546875 0.0484375
1 0.2171875 0.02421875 0.05078125 0.0484375
1 0.65234375 0.015625 0.040625 0.03125
1 0.75625 0.01484375 0.0359375 0.02890625
1 0.32578125 0.01328125 0.0359375 0.0265625
0 0.9546875 0.02265625 0.05 0.0453125
1 0.60546875 0.01953125 0.03828125 0.03828125
1 0.3765625 0.0171875 0.0359375 0.03359375