1 0.83515625 0.253125 0.11796875 0.13984375
1 0.69609375 0.2953125 0.09375 0.10390625
0 0.50859375 0.2984375 0.07421875 0.08203125
0 0.13671875 0.27734375 0.1296875 0.13984375
0 0.3546875 0.25625 0.0796875 0.10390625
0 0.9265625 0.275 0.0796875 0.07265625
0 0.20546875 0.29375 0.05078125 0.09609375
1 0.83515625 0.075 0.11796875 0.13984375
1 0.69453125 0.04375 0.09609375 0.08671875
0 0.50703125 0.0359375 0.0765625 0.071875
0 0.13828125 0.06171875 0.13203125 0.12265625
0 0.3546875 0.0734375 0.0796875 0.10390625
0 0.9265625 0.053125 0.0796875 0.07265625
0 0.2046875 0.0421875 0.053125 0.084375