1 0.64921875 0.3140625 0.1390625 0.18984375
1 0.3953125 0.3078125 0.07421875 0.08671875
1 0.33515625 0.31640625 0.0453125 0.05546875
1 0.2296875 0.33671875 0.0359375 0.03828125
1 0.1921875 0.31640625 0.02890625 0.03125
1 0.178125 0.33984375 0.03359375 0.03125
1 0.1390625 0.3296875 0.02890625 0.02421875
1 0.1234375 0.34140625 0.0265625 0.02890625
1 0.975 0.29296875 0.021875 0.02890625
1 0.93359375 0.30546875 0.03125 0.03359375
1 0.65 0.06015625 0.1421875 0.1203125
1 0.39453125 0.0375 0.0765625 0.07421875
1 0.33359375 0.025 0.0484375 0.05
1 0.228125 0.0109375 0.03828125 0.021875
1 0.1921875 0.02265625 0.02890625 0.03125
1 0.17890625 0.00703125 0.0359375 0.0140625
1 0.140625 0.0109375 0.03125 0.021875
1 0.12265625 0.00625 0.02890625 0.01171875
1 0.975 0.04296875 0.021875 0.02890625
1 0.93359375 0.03125 0.03125 0.03359375