1 0.14296875 0.65390625 0.06484375 0.0625
1 0.39765625 0.75 0.06015625 0.0578125
1 0.2984375 0.61640625 0.0625 0.07421875
1 0.0453125 0.4703125 0.0578125 0.05546875
1 0.384375 0.4734375 0.04296875 0.053125
1 0.3921875 0.6265625 0.0671875 0.06953125
0 0.11796875 0.53125 0.0578125 0.0625
0 0.2234375 0.74296875 0.0625 0.0625
0 0.49765625 0.60234375 0.0578125 0.040625
1 0.14296875 0.946875 0.06484375 0.0625
1 0.39765625 0.85078125 0.06015625 0.0578125
1 0.29921875 0.97109375 0.06484375 0.0484375
1 0.39296875 0.9671875 0.06953125 0.05546875
0 0.2234375 0.8578125 0.0625 0.0625
0 0.4984375 0.98671875 0.06015625 0.0171875