1 0.759375 0.33984375 0.10078125 0.125
1 0.9015625 0.375 0.0625 0.0796875
1 0.4625 0.37265625 0.0453125 0.06953125
1 0.64765625 0.3046875 0.11328125 0.1421875
1 0.1921875 0.3375 0.0765625 0.115625
1 0.58671875 0.35390625 0.0578125 0.09140625
1 0.4078125 0.37265625 0.040625 0.06953125
1 0.38125 0.3734375 0.0453125 0.0671875
1 0.9734375 0.38203125 0.03828125 0.05546875
1 0.084375 0.36015625 0.16796875 0.33046875
1 0.2953125 0.375 0.03359375 0.04609375
1 0.334375 0.38671875 0.03359375 0.05546875
1 0.55078125 0.37265625 0.03359375 0.084375
1 0.52265625 0.39609375 0.0453125 0.06484375
1 0.7609375 0.0265625 0.103125 0.053125
1 0.646875 0.0484375 0.115625 0.09609375
1 0.19296875 0.025 0.0796875 0.05
1 0.5875 0.0109375 0.06015625 0.021875
1 0.08515625 0.0671875 0.1703125 0.134375