1 0.7203125 0.47109375 0.07421875 0.06953125
1 0.3265625 0.3015625 0.0578125 0.053125
1 0.42421875 0.28671875 0.05078125 0.0625
1 0.3296875 0.16484375 0.04296875 0.05546875
1 0.625 0.1640625 0.0484375 0.0578125
1 0.80546875 0.484375 0.0578125 0.0671875
0 0.16015625 0.2796875 0.040625 0.04375
0 0.040625 0.1796875 0.02421875 0.04609375
0 0.8421875 0.29765625 0.040625 0.04609375
0 0.79453125 0.246875 0.040625 0.04609375
0 0.73203125 0.225 0.0453125 0.05078125
0 0.60703125 0.44609375 0.05546875 0.0484375
0 0.4953125 0.3671875 0.0578125 0.04609375
0 0.584375 0.3734375 0.0578125 0.0484375
0 0.29296875 0.19609375 0.04296875 0.040625
0 0.415625 0.1796875 0.03359375 0.04609375
0 0.44609375 0.17265625 0.0359375 0.04609375
0 0.478125 0.18203125 0.03359375 0.04609375
0 0.5140625 0.17578125 0.03359375 0.04375
0 0.55625 0.1578125 0.05078125 0.05546875
1 0.33046875 0.01484375 0.0453125 0.02890625
1 0.6265625 0.015625 0.05078125 0.03125
0 0.0421875 0.0046875 0.0265625 0.009375
0 0.4171875 0.0046875 0.0359375 0.009375
0 0.44453125 0.00859375 0.03828125 0.0171875
0 0.4796875 0.00390625 0.0359375 0.00703125
0 0.515625 0.00625 0.0359375 0.01171875
0 0.55546875 0.01796875 0.053125 0.0359375