1 0.78359375 0.384375 0.134375 0.16328125
1 0.2671875 0.4375 0.0578125 0.0765625
1 0.5796875 0.43046875 0.0578125 0.08203125
1 0.37265625 0.44375 0.071875 0.084375
1 0.46015625 0.4078125 0.0890625 0.11328125
1 0.88828125 0.3890625 0.11796875 0.15390625
1 0.6671875 0.42578125 0.09375 0.134375
1 0.784375 0.05859375 0.1375 0.1171875
1 0.26796875 0.0109375 0.06015625 0.021875
1 0.58046875 0.015625 0.06015625 0.03125
1 0.37265625 0.009375 0.0734375 0.01875
1 0.459375 0.03515625 0.09140625 0.06953125
1 0.88671875 0.05390625 0.1203125 0.1078125
1 0.665625 0.03125 0.09609375 0.0625