1 0.8390625 0.3015625 0.0625 0.07734375
1 0.55078125 0.2828125 0.09609375 0.1421875
1 0.1 0.32734375 0.0796875 0.09609375
1 0.29296875 0.284375 0.08671875 0.1015625
2 0.1203125 0.46171875 0.16796875 0.359375
2 0.2859375 0.47265625 0.196875 0.4671875
2 0.61171875 0.50390625 0.30546875 0.559375
2 0.84765625 0.46875 0.1515625 0.4171875
1 0.83984375 0.03359375 0.06484375 0.0671875
1 0.5515625 0.059375 0.0984375 0.11796875
1 0.09765625 0.025 0.0828125 0.05
1 0.29453125 0.0484375 0.0890625 0.09609375
2 0.2875 0.04609375 0.19921875 0.09140625
2 0.6109375 0.9375 0.3078125 0.115625