1 0.0453125 0.459375 0.02890625 0.0265625
0 0.17890625 0.43984375 0.0890625 0.0984375
0 0.11640625 0.446875 0.03125 0.0359375
0 0.3859375 0.4328125 0.05546875 0.05546875
0 0.4484375 0.4265625 0.05546875 0.0578125
0 0.5203125 0.43515625 0.0359375 0.04609375
0 0.55546875 0.4421875 0.03359375 0.040625
0 0.61875 0.43515625 0.0265625 0.03125
0 0.68359375 0.43828125 0.040625 0.04375
0 0.75234375 0.43125 0.03828125 0.04375
0 0.81953125 0.42421875 0.03828125 0.03828125
0 0.865625 0.425 0.02421875 0.0359375
0 0.91328125 0.4203125 0.03828125 0.04609375
0 0.975 0.4203125 0.021875 0.03125