0 0.4078125 0.3109375 0.06953125 0.09609375
0 0.85078125 0.29375 0.071875 0.08671875
0 0.734375 0.26640625 0.0984375 0.12265625
0 0.50234375 0.29140625 0.10078125 0.1203125
0 0.25234375 0.34453125 0.10078125 0.125
0 0.62890625 0.3109375 0.0453125 0.0578125
0 0.40625 0.03359375 0.071875 0.0671875
0 0.85234375 0.03984375 0.07421875 0.0796875
0 0.734375 0.0640625 0.0984375 0.12265625
0 0.50390625 0.04921875 0.103125 0.0984375
0 0.25390625 0.02421875 0.103125 0.0484375
0 0.62734375 0.02421875 0.0484375 0.0484375