1 0.16328125 0.4203125 0.0625 0.06953125
1 0.38671875 0.45078125 0.03359375 0.053125
1 0.2203125 0.44375 0.0453125 0.0578125
1 0.25234375 0.446875 0.03359375 0.05546875
1 0.2953125 0.44609375 0.03828125 0.0578125
0 0.32578125 0.46171875 0.0359375 0.04609375
1 0.4171875 0.4484375 0.0265625 0.0484375
0 0.44375 0.44921875 0.0265625 0.040625
0 0.578125 0.4421875 0.03125 0.040625
0 0.86328125 0.42734375 0.04296875 0.05546875
0 0.765625 0.425 0.040625 0.04609375
0 0.6453125 0.44921875 0.040625 0.05078125
0 0.6765625 0.4265625 0.0359375 0.04375
0 0.60546875 0.4375 0.03359375 0.04609375
0 0.5578125 0.440625 0.02421875 0.03359375