1 0.38671875 0.4078125 0.04296875 0.06484375
1 0.0375 0.49765625 0.040625 0.0625
1 0.1609375 0.553125 0.053125 0.0578125
1 0.33671875 0.28984375 0.03359375 0.040625
1 0.3125 0.2640625 0.03359375 0.053125
1 0.59765625 0.52734375 0.040625 0.06484375
1 0.78125 0.5328125 0.053125 0.05546875
1 0.55546875 0.41796875 0.04296875 0.0578125
1 0.61640625 0.4265625 0.05078125 0.06484375
1 0.790625 0.4234375 0.0484375 0.0578125
1 0.8328125 0.41796875 0.03125 0.0484375
1 0.33671875 0.03984375 0.03359375 0.040625
1 0.3125 0.0625 0.03359375 0.053125