0 0.1578125 0.49296875 0.05078125 0.0578125
0 0.23203125 0.50390625 0.0453125 0.05078125
0 0.2859375 0.49140625 0.03828125 0.0453125
0 0.3609375 0.49140625 0.03359375 0.05078125
0 0.4390625 0.47734375 0.040625 0.0453125
0 0.50625 0.50859375 0.0359375 0.0453125
0 0.5625 0.490625 0.03359375 0.04296875
0 0.88359375 0.48671875 0.0359375 0.0453125
0 0.7828125 0.4734375 0.0359375 0.04296875
0 0.821875 0.4984375 0.04296875 0.0453125
0 0.7515625 0.50703125 0.0359375 0.03828125
0 0.60546875 0.4828125 0.03359375 0.04296875
0 0.6515625 0.4984375 0.03828125 0.0453125
0 0.69921875 0.50234375 0.03359375 0.04296875