1 0.84375 0.35390625 0.071875 0.08203125
1 0.928125 0.340625 0.0625 0.0796875
1 0.71015625 0.340625 0.05078125 0.06953125
1 0.4109375 0.34375 0.0484375 0.06484375
1 0.5578125 0.35078125 0.0578125 0.06953125
1 0.66015625 0.33984375 0.040625 0.0625
1 0.296875 0.3625 0.0453125 0.06015625
1 0.49140625 0.34453125 0.040625 0.0578125
1 0.09765625 0.34453125 0.0453125 0.0625
1 0.1859375 0.42890625 0.06015625 0.0484375
1 0.1921875 0.353125 0.03359375 0.04609375
1 0.75703125 0.36171875 0.0484375 0.08203125
1 0.5296875 0.3625 0.040625 0.06484375