0 0.2484375 0.4578125 0.07421875 0.09375
0 0.928125 0.45703125 0.1109375 0.125
0 0.12265625 0.47265625 0.09609375 0.11796875
0 0.90859375 0.38203125 0.0625 0.0671875
0 0.76171875 0.3859375 0.0578125 0.06953125
0 0.05390625 0.5203125 0.1078125 0.12734375
0 0.6625 0.45546875 0.0890625 0.09375
0 0.5625 0.396875 0.0578125 0.0671875
0 0.7671875 0.47265625 0.08671875 0.103125
0 0.6921875 0.38828125 0.04296875 0.05078125
0 0.63203125 0.4125 0.0484375 0.06484375
0 0.1421875 0.40234375 0.053125 0.05078125
0 0.5984375 0.3796875 0.03359375 0.04296875