1 0.1546875 0.23671875 0.11796875 0.12734375
1 0.384375 0.46171875 0.09140625 0.10546875
1 0.7296875 0.2984375 0.0359375 0.03828125
1 0.4078125 0.27890625 0.021875 0.02890625
1 0.7125 0.26796875 0.0265625 0.0265625
1 0.41328125 0.23203125 0.01953125 0.021875
1 0.36640625 0.2609375 0.021875 0.021875
1 0.5734375 0.24140625 0.0171875 0.0171875
1 0.553125 0.2609375 0.0140625 0.021875
1 0.1546875 0.09765625 0.11796875 0.12734375
1 0.7296875 0.03359375 0.0359375 0.03828125
1 0.4078125 0.053125 0.021875 0.02890625
1 0.7125 0.06640625 0.0265625 0.0265625
1 0.41328125 0.10234375 0.01953125 0.021875
1 0.36640625 0.0734375 0.021875 0.021875
1 0.5734375 0.0921875 0.0171875 0.0171875
1 0.553125 0.0734375 0.0140625 0.021875