0 0.6734375 0.30859375 0.0671875 0.09140625
0 0.49140625 0.31953125 0.06015625 0.06953125
0 0.35078125 0.32890625 0.08203125 0.084375
0 0.19609375 0.28828125 0.09375 0.11796875
0 0.134375 0.33828125 0.0578125 0.075
0 0.6046875 0.33046875 0.0359375 0.0625
0 0.08203125 0.34375 0.04296875 0.05546875
0 0.5625 0.3484375 0.03828125 0.05546875
0 0.67421875 0.03359375 0.06953125 0.0671875
0 0.490625 0.02265625 0.0625 0.0453125
0 0.35234375 0.021875 0.084375 0.04375
0 0.19453125 0.05078125 0.09609375 0.1015625
0 0.1359375 0.01484375 0.06015625 0.02890625
0 0.603125 0.015625 0.03828125 0.03125
0 0.08203125 0.00703125 0.0453125 0.0140625
0 0.5640625 0.0046875 0.040625 0.009375