1 0.38671875 0.4078125 0.04296875 0.06484375
1 0.1625 0.5453125 0.06484375 0.0625
1 0.0359375 0.49765625 0.0484375 0.0625
1 0.59609375 0.5265625 0.0484375 0.0578125
1 0.56015625 0.41953125 0.0484375 0.05546875
1 0.615625 0.4203125 0.04296875 0.0578125
1 0.7859375 0.5265625 0.0578125 0.053125
1 0.30859375 0.265625 0.040625 0.0359375
1 0.33671875 0.28984375 0.04296875 0.0359375
1 0.796875 0.4203125 0.05078125 0.0671875
1 0.771875 0.4015625 0.03828125 0.053125
1 0.83203125 0.4171875 0.04296875 0.05078125
1 0.30859375 0.0640625 0.040625 0.0359375
1 0.33671875 0.03984375 0.04296875 0.0359375