0 0.21640625 0.2796875 0.08671875 0.11328125
0 0.75 0.32109375 0.0671875 0.09375
0 0.05546875 0.31484375 0.0578125 0.09140625
0 0.8140625 0.3328125 0.0453125 0.06953125
0 0.4390625 0.33046875 0.0453125 0.06484375
0 0.15859375 0.30546875 0.0484375 0.0671875
0 0.58046875 0.32421875 0.0453125 0.0578125
0 0.39453125 0.2953125 0.053125 0.0671875
0 0.4828125 0.3234375 0.03359375 0.040625
0 0.65625 0.33203125 0.03359375 0.0578125
0 0.7125 0.32421875 0.0359375 0.0484375
0 0.8578125 0.34609375 0.0484375 0.0671875
0 0.975 0.34765625 0.0359375 0.0890625
0 0.63125 0.3421875 0.03125 0.0453125