0 0.91796875 0.4484375 0.09609375 0.08671875
0 0.28125 0.425 0.0578125 0.06953125
0 0.8015625 0.446875 0.06953125 0.075
0 0.57421875 0.43125 0.053125 0.0578125
0 0.96640625 0.40234375 0.0484375 0.09140625
1 0.328125 0.43046875 0.03125 0.05546875
1 0.39765625 0.43828125 0.03125 0.03828125
1 0.52734375 0.4484375 0.03125 0.03828125
0 0.44609375 0.45390625 0.03125 0.040625
0 0.3609375 0.453125 0.03359375 0.04375
0 0.63203125 0.45546875 0.0484375 0.0625
0 0.66953125 0.44453125 0.0265625 0.040625
0 0.73671875 0.45078125 0.040625 0.04375