1 0.14765625 0.34140625 0.0890625 0.09609375
1 0.22578125 0.31015625 0.0625 0.08203125
1 0.490625 0.35234375 0.04296875 0.05078125
0 0.28359375 0.34140625 0.0578125 0.0578125
0 0.40234375 0.36328125 0.05078125 0.0671875
0 0.50859375 0.41953125 0.06484375 0.06953125
0 0.56484375 0.3703125 0.0484375 0.0484375
0 0.62890625 0.3765625 0.03125 0.0453125
0 0.7296875 0.4890625 0.040625 0.05078125
0 0.7171875 0.3734375 0.0453125 0.05078125
1 0.146875 0.03984375 0.09140625 0.0796875
1 0.22578125 0.06015625 0.0625 0.08203125
1 0.49140625 0.02265625 0.0453125 0.0453125
0 0.28359375 0.02890625 0.0578125 0.0578125
0 0.4015625 0.021875 0.053125 0.04296875
0 0.56640625 0.01328125 0.05078125 0.0265625
0 0.6265625 0.009375 0.034375 0.01875
0 0.71640625 0.01171875 0.0484375 0.0234375