1 0.0421875 0.4421875 0.06953125 0.08203125
1 0.5109375 0.41015625 0.05546875 0.084375
1 0.23046875 0.43125 0.0578125 0.06953125
1 0.88125 0.3953125 0.06953125 0.084375
1 0.6625 0.38671875 0.06015625 0.08203125
1 0.73046875 0.41484375 0.053125 0.06953125
1 0.13671875 0.43125 0.053125 0.06953125
1 0.7828125 0.41015625 0.0453125 0.06953125
1 0.41328125 0.415625 0.0625 0.071875
1 0.2875 0.421875 0.0453125 0.06484375
1 0.459375 0.4125 0.03359375 0.06953125
1 0.62890625 0.4234375 0.03125 0.04296875
1 0.92421875 0.415625 0.040625 0.0671875
1 0.6 0.43125 0.0265625 0.040625