0 0.1984375 0.31875 0.06953125 0.0796875
0 0.73203125 0.30625 0.06484375 0.084375
0 0.49375 0.50625 0.06015625 0.0796875
0 0.6765625 0.31953125 0.05078125 0.0671875
0 0.96640625 0.2671875 0.0578125 0.1296875
0 0.33984375 0.32109375 0.06015625 0.06484375
0 0.87734375 0.30859375 0.0625 0.06953125
0 0.03984375 0.3703125 0.040625 0.053125
0 0.61171875 0.3484375 0.0453125 0.0671875
0 0.39921875 0.33671875 0.03828125 0.053125
0 0.196875 0.025 0.071875 0.05
0 0.73046875 0.0328125 0.0671875 0.06484375
0 0.67578125 0.021875 0.053125 0.04296875
0 0.9671875 0.0640625 0.06015625 0.12734375
0 0.3390625 0.0203125 0.0625 0.040625
0 0.878125 0.02734375 0.065625 0.0546875
0 0.6109375 0.00703125 0.0484375 0.0140625
0 0.4 0.009375 0.040625 0.01875