1 0.37109375 0.41484375 0.05546875 0.07734375
1 0.05546875 0.42734375 0.03359375 0.06015625
1 0.42578125 0.4265625 0.04296875 0.0625
1 0.7359375 0.415625 0.04296875 0.05078125
1 0.0953125 0.42734375 0.040625 0.04609375
1 0.0171875 0.43125 0.03359375 0.0578125
1 0.16796875 0.4265625 0.02890625 0.04375
1 0.19921875 0.440625 0.04296875 0.0484375
1 0.26953125 0.43984375 0.04296875 0.04609375
1 0.5046875 0.4265625 0.053125 0.0484375
1 0.57578125 0.42734375 0.040625 0.04609375
1 0.66484375 0.4 0.0359375 0.0578125
1 0.70078125 0.39765625 0.03125 0.0578125
1 0.77890625 0.409375 0.04296875 0.0578125