1 0.3015625 0.40625 0.0796875 0.09140625
1 0.40234375 0.39453125 0.06015625 0.08203125
1 0.20546875 0.375 0.103125 0.115625
1 0.5421875 0.40625 0.05078125 0.0625
1 0.72734375 0.40234375 0.09375 0.1078125
1 0.47578125 0.396875 0.0484375 0.071875
1 0.02734375 0.4078125 0.05078125 0.06484375
1 0.30078125 0.03515625 0.08203125 0.06953125
1 0.4015625 0.03828125 0.0625 0.0765625
1 0.20390625 0.05625 0.1046875 0.1125
1 0.540625 0.02734375 0.053125 0.0546875
1 0.725 0.040625 0.096875 0.08125
1 0.47734375 0.03515625 0.05078125 0.06953125
1 0.0265625 0.02734375 0.053125 0.0546875