1 0.16953125 0.334375 0.1609375 0.1828125
1 0.88125 0.32578125 0.2140625 0.19921875
1 0.6078125 0.35703125 0.1296875 0.1421875
1 0.4375 0.43125 0.115625 0.13671875
1 0.39453125 0.31953125 0.09140625 0.115625
1 0.3140625 0.34375 0.103125 0.134375
1 0.5359375 0.3078125 0.09140625 0.115625
1 0.1671875 0.0453125 0.1625 0.090625
1 0.8796875 0.05390625 0.21640625 0.1078125
1 0.609375 0.02421875 0.13203125 0.0484375
1 0.3953125 0.0359375 0.09375 0.071875
1 0.3125 0.02890625 0.10546875 0.0578125
1 0.5375 0.0421875 0.09375 0.084375