1 0.8234375 0.46015625 0.05546875 0.0671875
1 0.46015625 0.45625 0.0453125 0.06953125
1 0.15859375 0.46171875 0.053125 0.075
1 0.3109375 0.47265625 0.0453125 0.0671875
1 0.2140625 0.48046875 0.03359375 0.04609375
1 0.34609375 0.4671875 0.02890625 0.0578125
1 0.49765625 0.46484375 0.03828125 0.0625
1 0.61640625 0.43984375 0.05078125 0.06953125
1 0.6859375 0.4578125 0.0359375 0.0484375
1 0.65625 0.46640625 0.02890625 0.04609375
1 0.7703125 0.45078125 0.0359375 0.0484375
1 0.93984375 0.45625 0.03828125 0.04609375
1 0.8578125 0.4578125 0.03359375 0.0578125
1 0.38359375 0.45546875 0.0453125 0.0625
1 0.54921875 0.4625 0.021875 0.03359375
1 0.57578125 0.46484375 0.0265625 0.03828125