1 0.35546875 0.25625 0.0578125 0.0890625
1 0.32421875 0.3640625 0.0625 0.0796875
1 0.38203125 0.29296875 0.0671875 0.071875
2 0.334375 0.43515625 0.134375 0.21640625
2 0.446875 0.4078125 0.1875 0.28125
2 0.5625 0.36171875 0.08671875 0.2328125
2 0.33515625 0.27734375 0.084375 0.1078125
0 0.55546875 0.26953125 0.03359375 0.03828125
1 0.35546875 0.0734375 0.0578125 0.0890625
1 0.38203125 0.03515625 0.0671875 0.06953125
2 0.4484375 0.03125 0.18984375 0.0625
2 0.5640625 0.0421875 0.0890625 0.084375
2 0.334375 0.053125 0.08671875 0.10546875
0 0.55546875 0.0578125 0.03359375 0.03828125