1 0.74296875 0.43359375 0.15859375 0.146875
1 0.51328125 0.44140625 0.0984375 0.103125
1 0.4546875 0.29921875 0.10546875 0.11328125
1 0.19921875 0.328125 0.10546875 0.11328125
2 0.33046875 0.5875 0.165625 0.17578125
0 0.28515625 0.53359375 0.06953125 0.071875
2 0.7859375 0.55625 0.365625 0.4015625
2 0.55078125 0.51796875 0.196875 0.25703125
2 0.5109375 0.32578125 0.23828125 0.165625
2 0.23046875 0.38359375 0.35546875 0.2328125
1 0.45546875 0.04296875 0.1078125 0.0859375
1 0.20078125 0.02890625 0.1078125 0.0578125
2 0.7875 0.946875 0.36796875 0.09609375
2 0.509375 0.04296875 0.240625 0.0859375
2 0.23203125 0.03125 0.3578125 0.0625