1 0.71640625 0.2625 0.053125 0.0625
1 0.49375 0.26640625 0.040625 0.05078125
1 0.5921875 0.24921875 0.05078125 0.04609375
1 0.86328125 0.29296875 0.053125 0.05546875
1 0.78828125 0.2828125 0.03359375 0.04609375
1 0.49765625 0.2375 0.04296875 0.040625
1 0.71640625 0.06015625 0.053125 0.0625
1 0.49375 0.059375 0.040625 0.05078125
1 0.5921875 0.07578125 0.05078125 0.04609375
1 0.86328125 0.0328125 0.053125 0.05546875
1 0.78828125 0.0421875 0.03359375 0.04609375
1 0.49765625 0.08828125 0.04296875 0.040625