1 0.2953125 0.65625 0.125 0.12734375
1 0.6109375 0.41953125 0.1109375 0.10625
1 0.1546875 0.39609375 0.11796875 0.09375
1 0.428125 0.37109375 0.09609375 0.125
1 0.16796875 0.4796875 0.14921875 0.13046875
1 0.34765625 0.20859375 0.09375 0.084375
0 0.2484375 0.33125 0.0890625 0.0984375
0 0.4890625 0.66875 0.13671875 0.11796875
0 0.66484375 0.70859375 0.103125 0.1015625
0 0.725 0.44921875 0.12734375 0.11796875
1 0.296875 0.96875 0.12734375 0.053125
1 0.34765625 0.121875 0.09375 0.084375
0 0.24765625 0.02421875 0.09140625 0.0484375
0 0.48828125 0.96484375 0.1390625 0.06015625
0 0.66328125 0.94921875 0.10546875 0.09140625