1 0.33125 0.31640625 0.1375 0.19453125
1 0.16171875 0.30390625 0.07265625 0.19921875
1 0.6359375 0.30546875 0.14453125 0.196875
1 0.4671875 0.265625 0.13984375 0.165625
1 0.27734375 0.21875 0.115625 0.1734375
1 0.5578125 0.19453125 0.11328125 0.14453125
1 0.7265625 0.22578125 0.11796875 0.2015625
1 0.21484375 0.2140625 0.09140625 0.14453125
1 0.15546875 0.1609375 0.06015625 0.1109375
1 0.44609375 0.140625 0.09609375 0.11796875
1 0.8 0.22109375 0.07265625 0.15859375
1 0.31171875 0.146875 0.09375 0.10546875
1 0.678125 0.05078125 0.075 0.071875
1 0.75078125 0.1 0.084375 0.103125
1 0.840625 0.1921875 0.0578125 0.16328125
1 0.40390625 0.071875 0.06953125 0.09609375
1 0.35625 0.12265625 0.07265625 0.1109375
1 0.084375 0.30390625 0.07265625 0.19921875
1 0.01484375 0.2203125 0.02890625 0.17578125
1 0.978125 0.22734375 0.03359375 0.2046875
1 0.03984375 0.21484375 0.0796875 0.146875
1 0.09296875 0.1609375 0.06015625 0.1109375
1 0.946875 0.22109375 0.07265625 0.15859375
1 0.975 0.0984375 0.040625 0.10546875
1 0.90625 0.1921875 0.0578125 0.16328125