1 0.4125 0.30546875 0.0796875 0.071875
1 0.84140625 0.15390625 0.0578125 0.053125
1 0.5328125 0.17578125 0.0453125 0.0484375
1 0.41484375 0.15390625 0.05078125 0.053125
1 0.328125 0.15625 0.0359375 0.03828125
1 0.23671875 0.16015625 0.0359375 0.0453125
1 0.1234375 0.15234375 0.0453125 0.0359375
1 0.75234375 0.1890625 0.04296875 0.040625
1 0.84140625 0.09140625 0.0578125 0.053125
1 0.5328125 0.06953125 0.0453125 0.0484375
1 0.41484375 0.09140625 0.05078125 0.053125
1 0.328125 0.0890625 0.0359375 0.03828125
1 0.23671875 0.0875 0.0359375 0.0453125
1 0.1234375 0.0953125 0.0453125 0.0359375
1 0.75234375 0.05859375 0.04296875 0.040625