1 0.59140625 0.23203125 0.0671875 0.0984375
1 0.75390625 0.25859375 0.15625 0.18046875
1 0.48828125 0.25625 0.09140625 0.1078125
1 0.9234375 0.25859375 0.1203125 0.165625
1 0.1890625 0.27734375 0.05546875 0.07421875
1 0.41796875 0.32578125 0.125 0.1515625
1 0.5453125 0.265625 0.04296875 0.06484375
1 0.84609375 0.2453125 0.053125 0.09140625
1 0.2515625 0.28984375 0.0359375 0.05546875
1 0.31484375 0.28828125 0.03359375 0.0484375
1 0.353125 0.28125 0.03828125 0.053125
1 0.22265625 0.2703125 0.040625 0.05078125
1 0.59140625 0.09765625 0.0671875 0.0984375
1 0.75234375 0.08046875 0.15859375 0.1609375
1 0.48828125 0.0734375 0.09140625 0.1078125
1 0.9234375 0.0765625 0.121875 0.153125
1 0.1890625 0.0515625 0.05546875 0.07421875
1 0.41953125 0.03984375 0.12734375 0.0796875
1 0.5453125 0.0640625 0.04296875 0.06484375
1 0.84609375 0.08203125 0.053125 0.09140625
1 0.2515625 0.03984375 0.0359375 0.05546875
1 0.31484375 0.03828125 0.03359375 0.0484375
1 0.353125 0.0453125 0.03828125 0.053125
1 0.22265625 0.05859375 0.040625 0.05078125