1 0.70546875 0.53984375 0.084375 0.0984375
1 0.8140625 0.275 0.06953125 0.084375
1 0.83046875 0.4953125 0.103125 0.1109375
1 0.6765625 0.30078125 0.05546875 0.0671875
1 0.46171875 0.46640625 0.053125 0.053125
1 0.6296875 0.27734375 0.053125 0.06484375
1 0.41015625 0.321875 0.05078125 0.053125
1 0.48046875 0.30546875 0.04296875 0.0578125
1 0.5875 0.32578125 0.0453125 0.05546875
1 0.68046875 0.4953125 0.0578125 0.0578125
1 0.4625 0.4390625 0.06015625 0.05078125
1 0.8140625 0.05390625 0.06953125 0.084375
1 0.67578125 0.03125 0.0578125 0.0625
1 0.6296875 0.0515625 0.053125 0.06484375
1 0.40859375 0.0171875 0.053125 0.03359375
1 0.48203125 0.0265625 0.0453125 0.053125
1 0.58671875 0.015625 0.0484375 0.03125