1 0.16796875 0.41171875 0.16328125 0.16875
1 0.78515625 0.41484375 0.06484375 0.0578125
1 0.271875 0.43125 0.115625 0.125
1 0.49296875 0.4203125 0.08671875 0.11796875
1 0.85546875 0.421875 0.0484375 0.053125
1 0.9078125 0.41171875 0.0453125 0.0578125
1 0.69921875 0.4359375 0.03359375 0.0578125
1 0.66796875 0.43359375 0.01953125 0.03359375
1 0.16875 0.05390625 0.165625 0.1078125
1 0.78359375 0.025 0.0671875 0.05
1 0.27265625 0.03359375 0.11796875 0.0671875
1 0.49375 0.0375 0.0890625 0.075
1 0.85703125 0.0203125 0.05078125 0.040625
1 0.90625 0.0265625 0.0484375 0.053125
1 0.70078125 0.01484375 0.0359375 0.02890625
1 0.66875 0.009375 0.021875 0.01875