1 0.03828125 0.30859375 0.0625 0.07265625
1 0.3921875 0.36015625 0.0578125 0.06015625
1 0.3765625 0.33046875 0.06015625 0.0625
1 0.58515625 0.42734375 0.0453125 0.06015625
1 0.78359375 0.36484375 0.0484375 0.05078125
1 0.6625 0.33359375 0.0453125 0.05546875
1 0.4859375 0.3421875 0.04296875 0.0578125
1 0.5171875 0.353125 0.03828125 0.05546875
1 0.240625 0.43359375 0.03828125 0.03828125
1 0.03984375 0.02890625 0.06484375 0.0578125
1 0.375 0.015625 0.0625 0.03125
1 0.66015625 0.01171875 0.0484375 0.0234375
1 0.48671875 0.00859375 0.0453125 0.0171875