1 0.48046875 0.328125 0.0765625 0.09375
1 0.771875 0.30390625 0.071875 0.09375
1 0.665625 0.271875 0.08203125 0.10078125
1 0.54921875 0.3328125 0.05546875 0.06953125
1 0.62890625 0.3234375 0.05078125 0.07421875
1 0.85234375 0.30078125 0.0453125 0.071875
1 0.28515625 0.296875 0.05078125 0.06015625
1 0.890625 0.2921875 0.0359375 0.0796875
1 0.915625 0.296875 0.03359375 0.05078125
1 0.94375 0.290625 0.021875 0.053125
1 0.7171875 0.3140625 0.05546875 0.06015625
1 0.771875 0.009375 0.075 0.01875
1 0.6671875 0.02734375 0.084375 0.0546875
1 0.85078125 0.00625 0.0484375 0.01171875
1 0.28359375 0.0046875 0.053125 0.009375
1 0.88828125 0.01171875 0.0390625 0.0234375
1 0.9421875 0.00625 0.02421875 0.01171875