1 0.83515625 0.271875 0.2046875 0.2015625
1 0.66796875 0.2609375 0.1109375 0.11796875
1 0.19453125 0.228125 0.10546875 0.1203125
1 0.56875 0.2875 0.103125 0.1421875
1 0.05078125 0.24375 0.0578125 0.07421875
1 0.2953125 0.23203125 0.1296875 0.13203125
0 0.4375 0.2453125 0.1109375 0.134375
0 0.1140625 0.240625 0.0453125 0.0671875
0 0.06484375 0.64296875 0.1296875 0.2046875
0 0.9375 0.2796875 0.0671875 0.1703125
1 0.834375 0.0796875 0.20703125 0.15859375
1 0.66796875 0.06875 0.1109375 0.11796875
1 0.19453125 0.0984375 0.10546875 0.1203125
1 0.56640625 0.05625 0.1046875 0.1125
1 0.05078125 0.08515625 0.0578125 0.07421875
1 0.2953125 0.09765625 0.1296875 0.13203125
0 0.4375 0.08203125 0.1109375 0.134375
0 0.1140625 0.08671875 0.0453125 0.0671875
0 0.06640625 0.9515625 0.13203125 0.08671875
0 0.9390625 0.0671875 0.06953125 0.134375