1 0.259375 0.3234375 0.178125 0.146875
1 0.78828125 0.3546875 0.23046875 0.19453125
1 0.51328125 0.415625 0.0796875 0.0625
1 0.5578125 0.396875 0.0578125 0.053125
2 0.19140625 0.48046875 0.38203125 0.46171875
2 0.78359375 0.4953125 0.40859375 0.490625
2 0.584375 0.52890625 0.22578125 0.27890625
1 0.259375 0.17421875 0.178125 0.146875
1 0.78828125 0.14296875 0.23046875 0.19453125
1 0.51328125 0.0796875 0.0796875 0.0625
1 0.5578125 0.0984375 0.0578125 0.053125
2 0.190625 0.1234375 0.38125 0.246875
2 0.19140625 0.8890625 0.38203125 0.21171875
2 0.78515625 0.1234375 0.4109375 0.246875
2 0.78515625 0.875 0.4109375 0.240625
2 0.58515625 0.05390625 0.228125 0.1078125
2 0.58515625 0.9109375 0.228125 0.16796875