1 0.3296875 0.2953125 0.0484375 0.05078125
1 0.671875 0.26953125 0.05078125 0.0625
1 0.13671875 0.3109375 0.03828125 0.0578125
1 0.20703125 0.33359375 0.03359375 0.04609375
1 0.22578125 0.31171875 0.02890625 0.040625
1 0.8296875 0.37578125 0.0625 0.08671875
1 0.696875 0.2796875 0.03359375 0.0578125
1 0.5984375 0.29375 0.04296875 0.0578125
1 0.4375 0.30703125 0.04296875 0.06015625
1 0.4828125 0.32265625 0.0484375 0.0578125
1 0.53515625 0.31796875 0.021875 0.03359375
1 0.0796875 0.30625 0.04296875 0.053125
1 0.0109375 0.30234375 0.021875 0.05546875
1 0.3296875 0.03515625 0.0484375 0.05078125
1 0.671875 0.0578125 0.05078125 0.0625
1 0.13828125 0.02421875 0.040625 0.0484375
1 0.20703125 0.009375 0.0359375 0.01875
1 0.22734375 0.01953125 0.03125 0.03828125
1 0.696875 0.0484375 0.03359375 0.0578125
1 0.5984375 0.03359375 0.04296875 0.0578125
1 0.4390625 0.0265625 0.0453125 0.053125
1 0.484375 0.01796875 0.05078125 0.0359375
1 0.53359375 0.01484375 0.02421875 0.02890625
1 0.08046875 0.025 0.0453125 0.05
1 0.0109375 0.02734375 0.021875 0.0546875