1 0.11171875 0.30546875 0.0796875 0.10078125
1 0.19609375 0.34765625 0.05546875 0.06953125
1 0.2359375 0.35 0.04296875 0.06015625
1 0.2828125 0.3109375 0.0796875 0.11796875
1 0.4421875 0.33046875 0.0625 0.07421875
1 0.55390625 0.334375 0.06953125 0.115625
1 0.5046875 0.334375 0.0484375 0.08203125
1 0.74140625 0.296875 0.09375 0.11796875
1 0.70078125 0.334375 0.03125 0.071875
1 0.7828125 0.334375 0.0453125 0.08671875
1 0.8296875 0.35546875 0.04296875 0.0625
1 0.89921875 0.36640625 0.08203125 0.11796875
1 0.9640625 0.34609375 0.04296875 0.053125