1 0.38671875 0.39296875 0.071875 0.09375
1 0.94609375 0.415625 0.06015625 0.08203125
1 0.1390625 0.40859375 0.0625 0.08671875
1 0.47109375 0.40859375 0.0578125 0.071875
1 0.1921875 0.4171875 0.053125 0.06953125
1 0.8859375 0.4328125 0.05546875 0.0625
1 0.7359375 0.4265625 0.053125 0.06484375
1 0.6296875 0.421875 0.0484375 0.06015625
1 0.80625 0.4265625 0.0453125 0.05546875
1 0.3421875 0.43515625 0.05078125 0.0625
1 0.2953125 0.41796875 0.03828125 0.0625
1 0.10546875 0.4421875 0.04296875 0.0578125
1 0.578125 0.42578125 0.0359375 0.0578125
1 0.50625 0.4203125 0.0359375 0.0671875