1 0.165625 0.284375 0.0765625 0.09140625
1 0.77265625 0.2796875 0.06953125 0.07265625
1 0.23671875 0.26640625 0.06953125 0.0890625
1 0.44609375 0.33125 0.06484375 0.0796875
1 0.65625 0.33359375 0.0578125 0.05546875
1 0.68984375 0.30625 0.03359375 0.0484375
1 0.165625 0.04453125 0.0765625 0.0890625
1 0.77265625 0.0484375 0.06953125 0.07265625
1 0.23671875 0.0640625 0.06953125 0.0890625
1 0.44453125 0.01953125 0.0671875 0.03828125
1 0.65703125 0.01171875 0.0609375 0.0234375
1 0.6890625 0.02265625 0.034375 0.0453125