0 0.71484375 0.315625 0.06953125 0.07734375
0 0.853125 0.30703125 0.1390625 0.1515625
0 0.95078125 0.34921875 0.05546875 0.07265625
0 0.55546875 0.33046875 0.08671875 0.1203125
0 0.3265625 0.33984375 0.09609375 0.10625
0 0.79296875 0.34921875 0.0578125 0.10625
0 0.4375 0.31171875 0.03828125 0.04609375
0 0.7140625 0.0265625 0.071875 0.053125
0 0.8546875 0.04921875 0.1421875 0.0984375
0 0.94921875 0.00859375 0.0578125 0.0171875
0 0.55625 0.03046875 0.0890625 0.06015625
0 0.328125 0.021875 0.0984375 0.04375
0 0.79453125 0.0171875 0.06015625 0.03359375
0 0.4390625 0.0203125 0.040625 0.040625