1 0.7078125 0.30859375 0.06484375 0.08203125
0 0.83671875 0.3109375 0.0671875 0.07734375
0 0.4625 0.321875 0.06484375 0.0796875
0 0.30390625 0.30625 0.06484375 0.08671875
0 0.61796875 0.33515625 0.0578125 0.0671875
0 0.13203125 0.29375 0.071875 0.08203125
0 0.35078125 0.309375 0.0578125 0.084375
0 0.21875 0.32890625 0.04296875 0.05546875
0 0.06640625 0.3484375 0.0453125 0.06953125
1 0.70703125 0.03125 0.0671875 0.0625
0 0.8375 0.02890625 0.06953125 0.0578125
0 0.46171875 0.02421875 0.0671875 0.0484375
0 0.303125 0.03359375 0.0671875 0.0671875
0 0.61875 0.01484375 0.06015625 0.02890625
0 0.1328125 0.03828125 0.075 0.0765625
0 0.35234375 0.03125 0.06015625 0.0625
0 0.2203125 0.01484375 0.0453125 0.02890625
0 0.06484375 0.00859375 0.0484375 0.0171875