1 0.1609375 0.334375 0.071875 0.09140625
1 0.27265625 0.2828125 0.146875 0.18046875
1 0.36328125 0.290625 0.0765625 0.125
0 0.74140625 0.25625 0.1515625 0.17578125
0 0.8953125 0.29453125 0.11328125 0.1078125
0 0.6046875 0.2953125 0.103125 0.1296875
1 0.1625 0.0203125 0.07421875 0.040625
1 0.271875 0.06875 0.14921875 0.13671875
1 0.3640625 0.05078125 0.0796875 0.10078125
0 0.740625 0.08046875 0.15390625 0.1609375
0 0.89453125 0.04453125 0.115625 0.0890625
0 0.603125 0.04921875 0.10546875 0.0984375