1 0.8296875 0.31796875 0.08203125 0.1015625
1 0.11171875 0.33046875 0.06953125 0.09140625
1 0.62734375 0.340625 0.0671875 0.0890625
1 0.3421875 0.3359375 0.06484375 0.0890625
1 0.50390625 0.34609375 0.06015625 0.09375
1 0.45546875 0.3375 0.05078125 0.08671875
1 0.703125 0.37265625 0.0453125 0.05546875
0 0.2171875 0.3421875 0.06484375 0.0671875
0 0.27734375 0.34375 0.040625 0.05078125
1 0.75 0.3671875 0.03828125 0.05546875
0 0.146875 0.3375 0.03828125 0.053125
0 0.07421875 0.353125 0.03828125 0.06953125
0 0.56953125 0.35625 0.03828125 0.03359375
0 0.4109375 0.3484375 0.03359375 0.040625
1 0.83046875 0.03125 0.084375 0.0625
1 0.1109375 0.02265625 0.071875 0.0453125
1 0.62890625 0.0171875 0.06953125 0.03359375
1 0.34140625 0.01953125 0.0671875 0.03828125
1 0.50234375 0.015625 0.0625 0.03125
1 0.4546875 0.01796875 0.053125 0.0359375
0 0.21640625 0.0109375 0.0671875 0.021875
0 0.2765625 0.00625 0.04296875 0.01171875
0 0.146875 0.009375 0.040625 0.01875
0 0.07578125 0.00625 0.040625 0.01171875