0 0.084375 0.44921875 0.04296875 0.0484375
0 0.14765625 0.43046875 0.05546875 0.0578125
0 0.2640625 0.4359375 0.04296875 0.05078125
0 0.62890625 0.4421875 0.06015625 0.071875
0 0.875 0.4703125 0.115625 0.1078125
0 0.81953125 0.4546875 0.03359375 0.04296875
0 0.76328125 0.44375 0.0453125 0.06015625
0 0.6984375 0.45546875 0.0359375 0.040625
0 0.58984375 0.44453125 0.0359375 0.0625
0 0.54453125 0.4640625 0.05078125 0.0625
0 0.5140625 0.46484375 0.03359375 0.040625
0 0.46171875 0.45078125 0.0578125 0.06015625
0 0.353125 0.44375 0.053125 0.05078125