1 0.17578125 0.346875 0.071875 0.08203125
1 0.3703125 0.43359375 0.10078125 0.09609375
1 0.27421875 0.51953125 0.15390625 0.1421875
0 0.84140625 0.26875 0.08671875 0.10390625
0 0.703125 0.29609375 0.05546875 0.07265625
0 0.43984375 0.33125 0.0671875 0.06953125
1 0.603125 0.32421875 0.03828125 0.05546875
1 0.5421875 0.34375 0.040625 0.05546875
1 0.50859375 0.34609375 0.03125 0.04609375
1 0.4640625 0.3421875 0.03359375 0.0578125
0 0.6703125 0.32890625 0.0484375 0.04609375
0 0.9265625 0.31796875 0.0359375 0.053125
1 0.17578125 0.01171875 0.0734375 0.0234375
0 0.84140625 0.06171875 0.08671875 0.10390625
0 0.7015625 0.03515625 0.0578125 0.06953125
0 0.44140625 0.0171875 0.06953125 0.03359375
1 0.6046875 0.0171875 0.040625 0.03359375
1 0.53984375 0.00703125 0.0421875 0.0140625
1 0.50703125 0.00390625 0.03359375 0.00703125
1 0.46484375 0.00859375 0.0359375 0.0171875
0 0.67109375 0.01171875 0.0515625 0.0234375
0 0.92578125 0.01953125 0.03828125 0.03828125