1 0.7828125 0.38828125 0.07421875 0.084375
1 0.1890625 0.41015625 0.1421875 0.1609375
1 0.7015625 0.446875 0.0765625 0.09140625
1 0.46484375 0.4328125 0.06015625 0.0765625
1 0.39453125 0.4359375 0.0578125 0.0890625
1 0.540625 0.4078125 0.0625 0.0890625
1 0.290625 0.428125 0.0765625 0.10078125
1 0.0375 0.38359375 0.05546875 0.06484375
1 0.56875 0.4265625 0.06484375 0.09375
1 0.32421875 0.40625 0.04296875 0.0765625
1 0.5625 0.4234375 0.08203125 0.10546875
1 0.353125 0.41953125 0.03359375 0.07421875