1 0.01328125 0.54453125 0.0265625 0.04375
1 0.0625 0.54609375 0.03828125 0.040625
1 0.12109375 0.59609375 0.0453125 0.04609375
1 0.459375 0.52734375 0.04296875 0.053125
1 0.36796875 0.56953125 0.03359375 0.040625
1 0.23671875 0.54453125 0.03125 0.03359375
1 0.16953125 0.56640625 0.03125 0.04375
1 0.81015625 0.61328125 0.03828125 0.040625
1 0.8796875 0.46484375 0.03359375 0.03828125
1 0.775 0.48515625 0.040625 0.040625
1 0.6875 0.5109375 0.03359375 0.04375
1 0.56015625 0.521875 0.0484375 0.05078125
1 0.52734375 0.52421875 0.0359375 0.04609375
1 0.146875 0.53515625 0.02890625 0.03828125
1 0.19140625 0.53359375 0.03125 0.0359375
1 0.209375 0.54609375 0.03359375 0.040625
0 0.40625 0.57265625 0.02890625 0.0359375
0 0.6234375 0.50703125 0.040625 0.04609375