1 0.87890625 0.3390625 0.1515625 0.1828125
1 0.64453125 0.33203125 0.1296875 0.1828125
1 0.41484375 0.38125 0.06484375 0.0984375
1 0.1828125 0.31953125 0.14453125 0.1921875
1 0.50234375 0.39296875 0.09140625 0.12265625
1 0.27734375 0.3578125 0.0890625 0.15390625
1 0.33203125 0.3953125 0.0765625 0.11796875
1 0.8765625 0.071875 0.153125 0.14375
1 0.6453125 0.07578125 0.13203125 0.1515625
1 0.41328125 0.0296875 0.0671875 0.059375
1 0.18359375 0.084375 0.146875 0.16796875
1 0.503125 0.0296875 0.09375 0.059375
1 0.2765625 0.05546875 0.09140625 0.1109375
1 0.33203125 0.02734375 0.0796875 0.0546875