1 0.6296875 0.38671875 0.071875 0.09140625
1 0.7671875 0.37890625 0.0625 0.06953125
1 0.6734375 0.4015625 0.04296875 0.0578125
1 0.10703125 0.296875 0.0453125 0.0453125
1 0.4125 0.446875 0.0265625 0.03828125
1 0.5640625 0.40859375 0.03125 0.04296875
1 0.4546875 0.43046875 0.03828125 0.03359375
1 0.4078125 0.415625 0.0359375 0.02890625
1 0.63125 0.0421875 0.07421875 0.084375
1 0.7671875 0.046875 0.0625 0.06953125
1 0.67421875 0.0265625 0.0453125 0.053125
1 0.10703125 0.12890625 0.0453125 0.0453125
1 0.5625 0.01953125 0.03359375 0.03828125
1 0.45546875 0.00625 0.040625 0.01171875
1 0.40546875 0.01171875 0.0390625 0.0234375