1 0.09140625 0.3296875 0.14453125 0.178125
1 0.46171875 0.36171875 0.08203125 0.11796875
1 0.7765625 0.35703125 0.08203125 0.1078125
1 0.8859375 0.3640625 0.09375 0.1078125
1 0.3859375 0.36640625 0.0453125 0.06953125
1 0.6625 0.34765625 0.05546875 0.0796875
1 0.728125 0.37265625 0.03359375 0.0671875
1 0.5921875 0.36640625 0.0453125 0.06484375
0 0.21171875 0.3859375 0.03828125 0.05546875
1 0.1515625 0.39921875 0.03828125 0.0671875
0 0.97265625 0.36875 0.040625 0.07421875
1 0.0921875 0.03984375 0.146875 0.0796875