0 0.91953125 0.3890625 0.084375 0.10078125
0 0.7125 0.39765625 0.0796875 0.0984375
0 0.23671875 0.48203125 0.103125 0.11796875
0 0.5875 0.40234375 0.07421875 0.1078125
0 0.14296875 0.3921875 0.13671875 0.2015625
0 0.4390625 0.41015625 0.09375 0.11328125
0 0.33203125 0.4890625 0.10546875 0.12734375
0 0.54296875 0.40859375 0.0484375 0.08203125
0 0.04921875 0.4015625 0.09375 0.21640625
0 0.65859375 0.44609375 0.04296875 0.06484375
0 0.8140625 0.4421875 0.0265625 0.03359375
0 0.9171875 0.009375 0.0875 0.01875
0 0.1421875 0.03359375 0.1390625 0.0671875
0 0.0484375 0.0328125 0.09609375 0.06484375