1 0.1765625 0.34453125 0.0796875 0.10625
1 0.74765625 0.31171875 0.178125 0.21484375
1 0.3125 0.3203125 0.21171875 0.26015625
1 0.06015625 0.3796875 0.053125 0.06953125
2 0.79296875 0.52265625 0.34609375 0.60703125
2 0.08203125 0.45078125 0.125 0.20234375
2 0.17890625 0.37578125 0.1078125 0.14921875
2 0.25390625 0.51953125 0.36328125 0.61953125
1 0.17578125 0.01953125 0.08203125 0.03828125
1 0.7484375 0.0625 0.18046875 0.125
1 0.31328125 0.06953125 0.2140625 0.1390625
2 0.79453125 0.915625 0.3484375 0.159375
2 0.178125 0.01484375 0.1109375 0.02890625
2 0.25234375 0.91484375 0.365625 0.16171875