1 0.0984375 0.4359375 0.03359375 0.0484375
1 0.25390625 0.4328125 0.07421875 0.0890625
1 0.36640625 0.42890625 0.0796875 0.08671875
0 0.4796875 0.43359375 0.05546875 0.0671875
0 0.165625 0.41953125 0.0484375 0.0578125
0 0.04921875 0.4203125 0.0453125 0.06484375
0 0.84375 0.484375 0.04296875 0.0578125
0 0.7203125 0.4484375 0.06015625 0.0625
0 0.6515625 0.47109375 0.03828125 0.05078125
0 0.60078125 0.46484375 0.0625 0.0625
0 0.5640625 0.4828125 0.0359375 0.06015625
0 0.515625 0.478125 0.040625 0.05546875
1 0.1 0.01484375 0.0359375 0.02890625
1 0.25234375 0.0265625 0.0765625 0.053125
1 0.36484375 0.02734375 0.0828125 0.0546875
0 0.478125 0.0203125 0.0578125 0.040625
0 0.16640625 0.025 0.0515625 0.05
0 0.0484375 0.0265625 0.0484375 0.053125
0 0.71875 0.01171875 0.0625 0.0234375