1 0.0578125 0.296875 0.115625 0.1703125
1 0.578125 0.31953125 0.09375 0.1109375
1 0.30546875 0.33046875 0.10078125 0.12265625
1 0.76796875 0.29296875 0.103125 0.134375
1 0.42421875 0.3234375 0.084375 0.11796875
1 0.178125 0.34765625 0.115625 0.13671875
1 0.8796875 0.35546875 0.0765625 0.1203125
1 0.0578125 0.05859375 0.115625 0.1171875
1 0.5765625 0.0328125 0.09609375 0.06484375
1 0.30625 0.0296875 0.103125 0.059375
1 0.7671875 0.0515625 0.10546875 0.103125
1 0.4234375 0.0328125 0.08671875 0.06484375
1 0.178125 0.025 0.11875 0.05
1 0.88125 0.0171875 0.0796875 0.03359375