0 0.83984375 0.48515625 0.06015625 0.06953125
0 0.578125 0.44375 0.05078125 0.07734375
0 0.5140625 0.4484375 0.0484375 0.0625
0 0.13828125 0.48203125 0.05078125 0.0625
0 0.6859375 0.44375 0.05078125 0.0671875
0 0.7875 0.4484375 0.05078125 0.0671875
0 0.71875 0.51796875 0.053125 0.07734375
0 0.38359375 0.51484375 0.05078125 0.06953125
0 0.2328125 0.484375 0.0484375 0.0625
0 0.73828125 0.44921875 0.04296875 0.06015625
0 0.2828125 0.50703125 0.05078125 0.05546875
0 0.8375 0.4359375 0.05078125 0.0625
0 0.17578125 0.49765625 0.0484375 0.06484375
0 0.30625 0.478125 0.0359375 0.05078125
0 0.35234375 0.4796875 0.0359375 0.053125
0 0.33671875 0.43828125 0.03828125 0.053125
0 0.4265625 0.4515625 0.0453125 0.06484375
0 0.4671875 0.459375 0.0359375 0.05078125
0 0.446875 0.51171875 0.0484375 0.06484375
0 0.521875 0.521875 0.053125 0.06953125
0 0.63125 0.44375 0.0453125 0.053125
0 0.62734375 0.4984375 0.0484375 0.07265625