1 0.25703125 0.40390625 0.08203125 0.0984375
1 0.7921875 0.36171875 0.06953125 0.07265625
1 0.40234375 0.34375 0.05078125 0.075
1 0.0828125 0.30234375 0.0453125 0.06484375
2 0.07578125 0.4203125 0.11796875 0.33515625
2 0.2703125 0.5421875 0.31484375 0.390625
2 0.3796875 0.47734375 0.10546875 0.36171875
2 0.7921875 0.553125 0.24765625 0.45546875
1 0.4015625 0.01484375 0.053125 0.02890625
1 0.0828125 0.0328125 0.0453125 0.06484375
2 0.07421875 0.040625 0.1203125 0.08125
2 0.790625 0.9359375 0.25 0.11796875