1 0.28359375 0.43515625 0.0765625 0.09375
1 0.4734375 0.4203125 0.08203125 0.0984375
1 0.19921875 0.46875 0.10546875 0.11796875
1 0.41953125 0.3171875 0.06484375 0.09375
1 0.59765625 0.590625 0.11796875 0.13515625
1 0.87265625 0.57109375 0.125 0.10625
1 0.790625 0.42890625 0.08203125 0.0671875
1 0.2921875 0.2828125 0.05078125 0.084375
1 0.4734375 0.25546875 0.053125 0.07265625
1 0.7078125 0.2515625 0.06015625 0.09375
1 0.37265625 0.68671875 0.15859375 0.178125
1 0.65 0.4578125 0.09375 0.1109375
1 0.41796875 0.03515625 0.0671875 0.06953125
1 0.2921875 0.05625 0.05078125 0.084375
1 0.4734375 0.08203125 0.053125 0.07265625
1 0.7078125 0.08828125 0.06015625 0.09375
1 0.3734375 0.9375 0.1609375 0.115625